481 789
482 2032
483 1593
484 2588
485 54
486 831
487 1362
488 920
489 899
490 2628
491 1868
492 2343
493 1059
494 1129
495 823
496 2654
497 1585
498 1426
499 1258
500 2135
501 509
502 1049
503 2017
504 697
505 1391
506 2408
507 2101
508 1021
509 1250
510 337
511 1574
512 2596
513 2417
514 1598
515 1787
516 1040
517 125
518 1981
519 1513
520 1274
521 2585
522 1648
523 1774
524 1289
525 2351
526 432
527 1716
528 974
529 1051
530 2364
531 1125
532 1944
533 1407
534 1078
535 1185
536 2293
537 1359
538 2684
539 994
540 2584
541 646
542 804
543 2486
544 1178
545 2239
546 713
547 466
548 2222
549 871
550 1205
551 2546
552 2595
553 610
554 448
555 629
556 2609
557 1340
558 2740
559 2538
560 2419
561 2578
562 2077
563 2079
564 1779
565 1498
566 83
567 1020
568 1002
569 342
570 2790
571 396
572 2771
573 818
574 1308
575 1353
576 1642
577 1804
578 234
579 189
580 1320
581 2327
582 821
583 1640
584 803
585 343
586 1300
587 963
588 810
589 1611
590 2624
591 1783
592 637
593 1144
594 2159
595 1363
596 2756
597 1111
598 2630
599 11
600 2096
601 2741
602 1888
603 38
604 2355
605 546
606 1894
607 883
608 1728
609 128
610 344
611 1592
612 544
613 415
614 2853
615 688
616 2116
617 2674
618 815
619 2442
620 1996
621 690
622 2089
623 1350
624 1345
625 1466
626 1628
627 944
628 1189
629 2251
630 2058
631 1054
632 457
633 745
634 1629
635 891
636 2128
637 524
638 1114
639 456
640 493
641 2656
642 2689
643 2784
644 2049
645 1455
646 2400
647 1910
648 1795
649 1475
650 2643
651 2411
652 2828
653 1113
654 1323
655 2057
656 753
657 1708
658 201
659 2622
660 2259
661 1702
662 1719
663 1146
664 218
665 623
666 1833
667 2289
668 1923
669 2593
670 1922
671 1134
672 444
673 306
674 259
675 2755
676 1773
677 1462
678 2328
679 2184
680 1124
681 2554
682 446
683 1001
684 918
685 760
686 547
687 2625
688 987
689 874
690 2341
691 1853
692 1130
693 1024
694 1453
695 2721
696 2875
697 685
698 412
699 90
700 1674
701 1899
702 2361
703 2653
704 1697
705 1269
706 1090
707 1075
708 849
709 1791
710 633
711 1237
712 2386
713 1460
714 1782
715 1364
716 512
717 2501
718 854
719 696
720 2111
721 1373
722 2837
723 1098
724 2854
725 279
726 1616
727 207
728 2169
729 2133
730 1759
731 2194
732 1760
733 2476
734 2162
735 2100
736 1502
737 928
738 436
739 1911
740 2542
741 2279
742 2558
743 2221
744 538
745 970
746 2312
747 185
748 590
749 1011
750 47
751 1307
752 481
753 2493
754 1722
755 1635
756 2529
757 2878
758 1601
759 1606
760 2556
761 580
762 957
763 999
764 1321
765 283
766 1763
767 554
768 1193
769 453
770 1570
771 1101
772 2324
773 1685
774 1102
775 2303
776 707
777 1932
778 214
779 274
780 1652
781 776
782 1986
783 2173
784 205
785 752
786 1190
787 1622
788 2112
789 1693
790 1989
791 1317
792 2054
793 1272
794 2299
795 793
796 1846
797 638
798 115
799 130
800 521
801 1060
802 1292
803 2076
804 2860
805 990
806 984
807 2807
808 2806
809 1476
810 1483
811 2652
812 1790
813 2067
814 645
815 655
816 526
817 942
818 75
819 360
820 144
821 2745
822 941
823 2508
824 924
825 143
826 166
827 2375
828 2565
829 2180
830 1711
831 1661
832 2031
833 632
834 2810
835 1514
836 2323
837 2772
838 2368
839 808
840 2852
841 1824
842 1162
843 2809
844 2018
845 2566
846 2033
847 1310
848 839
849 2662
850 2678
851 1156
852 622
853 2597
854 424
855 681
856 1247
857 2220
858 1486
859 1929
860 2646
861 1351
862 135
863 1750
864 261
865 1546
866 2428
867 2209
868 1004
869 1122
870 828
871 78
872 591
873 2758
874 779
875 1921
876 2177
877 861
878 312
879 734
880 358
881 1807
882 1034
883 2051
884 2459
885 2498
886 2318
887 1851
888 1015
889 254
890 325
891 867
892 1786
893 1793
894 2433
895 1591
896 122
897 2822
898 1366
899 656
900 2855
901 2714
902 1603
903 2562
904 1643
905 1414
906 1799
907 767
908 2024
909 2672
910 1976
911 1997
912 2393
913 2716
914 737
915 1280
916 1699
917 2022
918 2494
919 2589
920 1048
921 756
922 1445
923 2495
924 2042
925 157
926 945
927 1979
928 1166
929 1845
930 2110
931 955
932 597
933 1441
934 1907
935 1119
936 321
937 504
938 491
939 2182
940 174
941 335
942 814
943 2409
944 1751
945 1150
946 1425
947 2366
948 900
949 224
950 827
951 1985
952 1810
953 634
954 2455
955 2681
956 34
957 307
958 1298
959 2576
960 2407
961 2601
