2405 2591
2406 2288
2407 2198
2408 1009
2409 364
2410 2385
2411 2072
2412 88
2413 2245
2414 1825
2415 386
2416 2842
2417 1428
2418 55
2419 1225
2420 2392
2421 1817
2422 1573
2423 2235
2424 937
2425 2132
2426 425
2427 2004
2428 28
2429 1478
2430 846
2431 2150
2432 1182
2433 1161
2434 515
2435 420
2436 1729
2437 2665
2438 953
2439 270
2440 1690
2441 217
2442 952
2443 2541
2444 2868
2445 711
2446 1216
2447 968
2448 568
2449 1297
2450 961
2451 1794
2452 1386
2453 2398
2454 853
2455 2308
2456 715
2457 2759
2458 175
2459 755
2460 2143
2461 377
2462 1920
2463 104
2464 2181
2465 901
2466 852
2467 617
2468 2735
2469 1792
2470 2306
2471 667
2472 2401
2473 1142
2474 678
2475 774
2476 40
2477 452
2478 702
2479 1329
2480 1172
2481 1536
2482 1361
2483 1535
2484 1093
2485 1670
2486 598
2487 2456
2488 163
2489 892
2490 1377
2491 2557
2492 2078
2493 1735
2494 339
2495 2342
2496 63
2497 1904
2498 1854
2499 550
2500 2429
2501 2179
2502 2218
2503 1808
2504 2340
2505 56
2506 1080
2507 349
2508 1044
2509 202
2510 1509
2511 2268
2512 1180
2513 1088
2514 2645
2515 2738
2516 1512
2517 310
2518 2040
2519 798
2520 2445
2521 1891
2522 2796
2523 1683
2524 1065
2525 2526
2526 392
2527 1776
2528 670
2529 1006
2530 641
2531 2677
2532 2549
2533 1931
2534 2655
2535 548
2536 1108
2537 1656
2538 1360
2539 262
2540 2175
2541 879
2542 172
2543 316
2544 1492
2545 2764
2546 876
2547 1962
2548 560
2549 500
2550 1008
2551 1215
2552 1619
2553 1801
2554 1194
2555 2629
2556 2545
2557 2532
2558 1246
2559 998
2560 483
2561 2202
2562 275
2563 2660
2564 1344
2565 149
2566 1995
2567 206
2568 1681
2569 1818
2570 2479
2571 2537
2572 860
2573 608
2574 1454
2575 305
2576 1689
2577 445
2578 2074
2579 1861
2580 350
2581 2731
2582 2412
2583 1354
2584 754
2585 1892
2586 1282
2587 2087
2588 2814
2589 743
2590 2066
2591 1220
2592 2137
2593 802
2594 2582
2595 428
2596 2145
2597 895
2598 153
2599 2602
2600 2242
2601 1723
2602 161
2603 1494
2604 1092
2605 780
2606 2188
2607 708
2608 2505
2609 1889
2610 1396
2611 965
2612 1744
2613 582
2614 2266
2615 196
2616 363
2617 382
2618 993
2619 462
2620 1121
2621 1458
2622 292
2623 1487
2624 761
2625 1658
2626 1580
2627 199
2628 586
2629 179
2630 1909
2631 1370
2632 2765
2633 537
2634 1437
2635 434
2636 381
2637 1331
2638 2717
2639 433
2640 1680
2641 81
2642 604
2643 2320
2644 724
2645 2103
2646 338
2647 1866
2648 2447
2649 129
2650 2859
2651 2298
2652 1195
2653 1590
2654 1179
2655 2365
2656 1632
2657 2640
2658 1304
2659 374
2660 1758
2661 43
2662 2059
2663 2611
2664 220
2665 2675
2666 2253
2667 673
2668 465
2669 238
2670 2727
2671 510
2672 247
2673 1855
2674 2768
2675 1703
2676 1446
2677 1984
2678 2178
2679 1409
2680 1240
2681 914
2682 2511
2683 1267
2684 2213
2685 1542
2686 2808
2687 1299
2688 2451
2689 2315
2690 2233
2691 1517
2692 1587
2693 2035
2694 851
2695 1849
2696 2750
2697 213
2698 2413
2699 844
2700 1327
2701 1235
2702 1948
2703 594
2704 112
2705 385
2706 393
2707 2201
2708 447
2709 2249
2710 1609
2711 1316
2712 1174
2713 1
2714 2782
2715 704
2716 2025
2717 2084
2718 173
2719 494
2720 906
2721 1600
2722 1873
2723 1157
2724 60
2725 1607
2726 86
2727 522
2728 169
2729 695
2730 1000
2731 1163
2732 1918
2733 197
2734 525
2735 2019
2736 1671
2737 1503
2738 180
2739 2769
2740 2718
2741 2248
2742 2823
2743 1870
2744 619
2745 451
2746 1905
2747 2534
2748 768
2749 1356
2750 958
2751 260
2752 541
2753 1752
2754 2001
2755 1367
2756 1618
2757 571
2758 443
2759 31
2760 511
2761 1966
2762 2125
2763 643
2764 417
2765 2706
2766 2093
2767 712
2768 257
2769 2846
2770 155
2771 714
2772 2348
2773 1545
2774 2168
2775 1239
2776 2397
2777 1687
2778 888
2779 2384
2780 2801
2781 2068
2782 1613
2783 1902
2784 788
2785 1252
2786 119
2787 722
2788 376
2789 1186
2790 2440
2791 1530
2792 2255
2793 517
2794 746
2795 2304
2796 2034
2797 1820
2798 355
2799 2127
2800 2712
2801 1014
2802 1906
2803 1803
2804 281
2805 2882
2806 427
2807 2337
2808 2186
2809 2491
2810 1306
2811 2572
2812 455
2813 326
2814 2326
2815 866
2816 2651
2817 915
2818 691
2819 1482
2820 988
2821 862
2822 2862
2823 2334
2824 98
2825 1895
2826 1840
2827 886
2828 723
2829 229
2830 728
2831 2005
2832 1089
2833 2702
2834 492
2835 2635
2836 2045
2837 282
2838 121
2839 1955
2840 666
2841 1302
2842 2829
2843 1991
2844 354
2845 327
2846 2257
2847 992
2848 2369
2849 324
2850 2164
2851 1421
2852 539
2853 2815
2854 2470
2855 736
2856 531
2857 1151
2858 650
2859 1525
2860 1268
2861 1951
2862 1772
2863 1112
2864 898
2865 1540
2866 1444
2867 2210
2868 648
2869 1668
2870 2215
2871 2613
2872 2830
2873 2671
2874 1837
2875 2826
2876 599
2877 1264
2878 240
2879 773
2880 1184
2881 2228
2882 1749