1924 7
1925 7
1926 7
1927 7
1928 7
1929 7
1930 7
1931 7
1932 7
1933 7
1934 7
1935 7
1936 7
1937 7
1938 7
1939 7
1940 7
1941 7
1942 7
1943 7
1944 7
1945 7
1946 7
1947 7
1948 7
1949 7
1950 7
1951 7
1952 7
1953 7
1954 7
1955 7
1956 7
1957 7
1958 7
1959 7
1960 7
1961 7
1962 7
1963 7
1964 7
1965 7
1966 7
1967 7
1968 7
1969 7
1970 7
1971 7
1972 7
1973 7
1974 7
1975 7
1976 7
1977 7
1978 7
1979 7
1980 7
1981 7
1982 7
1983 7
1984 7
1985 7
1986 7
1987 7
1988 7
1989 7
1990 7
1991 7
1992 7
1993 7
1994 7
1995 7
1996 7
1997 7
1998 7
1999 7
2000 7
2001 7
2002 7
2003 7
2004 7
2005 7
2006 7
2007 7
2008 7
2009 7
2010 7
2011 7
2012 7
2013 7
2014 7
2015 7
2016 7
2017 7
2018 7
2019 7
2020 7
2021 7
2022 7
2023 7
2024 7
2025 7
2026 7
2027 7
2028 7
2029 7
2030 7
2031 7
2032 7
2033 7
2034 7
2035 7
2036 7
2037 7
2038 7
2039 7
2040 7
2041 7
2042 7
2043 7
2044 7
2045 7
2046 7
2047 7
2048 7
2049 7
2050 7
2051 7
2052 7
2053 7
2054 7
2055 7
2056 7
2057 7
2058 7
2059 7
2060 7
2061 7
2062 7
2063 7
2064 7
2065 7
2066 7
2067 7
2068 7
2069 7
2070 7
2071 7
2072 7
2073 7
2074 7
2075 7
2076 7
2077 7
2078 7
2079 7
2080 7
2081 7
2082 7
2083 7
2084 7
2085 7
2086 7
2087 7
2088 7
2089 7
2090 7
2091 7
2092 7
2093 7
2094 7
2095 7
2096 7
2097 7
2098 7
2099 7
2100 7
2101 7
2102 7
2103 7
2104 7
2105 7
2106 7
2107 7
2108 7
2109 7
2110 7
2111 7
2112 7
2113 7
2114 7
2115 7
2116 7
2117 7
2118 7
2119 7
2120 7
2121 7
2122 7
2123 7
2124 7
2125 7
2126 7
2127 7
2128 7
2129 7
2130 7
2131 7
2132 7
2133 7
2134 7
2135 7
2136 7
2137 7
2138 7
2139 7
2140 7
2141 7
2142 7
2143 7
2144 7
2145 7
2146 7
2147 7
2148 7
2149 7
2150 7
2151 7
2152 7
2153 7
2154 7
2155 8
2156 8
2157 8
2158 8
2159 8
2160 8
2161 8
2162 8
2163 8
2164 8
2165 8
2166 8
2167 8
2168 8
2169 8
2170 8
2171 8
2172 8
2173 8
2174 8
2175 8
2176 8
2177 8
2178 8
2179 8
2180 8
2181 8
2182 8
2183 8
2184 8
2185 8
2186 8
2187 8
2188 8
2189 8
2190 8
2191 8
2192 8
2193 8
2194 8
2195 8
2196 8
2197 8
2198 8
2199 8
2200 8
2201 8
2202 8
2203 8
2204 8
2205 8
2206 8
2207 8
2208 8
2209 8
2210 8
2211 8
2212 8
2213 8
2214 8
2215 8
2216 8
2217 8
2218 8
2219 8
2220 8
2221 8
2222 8
2223 8
2224 8
2225 8
2226 8
2227 8
2228 8
2229 8
2230 8
2231 8
2232 8
2233 8
2234 8
2235 8
2236 8
2237 8
2238 8
2239 8
2240 8
2241 8
2242 8
2243 8
2244 8
2245 8
2246 8
2247 8
2248 8
2249 8
2250 8
2251 8
2252 8
2253 8
2254 8
2255 8
2256 8
2257 8
2258 8
2259 8
2260 8
2261 8
2262 8
2263 8
2264 8
2265 8
2266 8
2267 8
2268 8
2269 8
2270 8
2271 8
2272 8
2273 8
2274 8
2275 8
2276 8
2277 8
2278 8
2279 8
2280 8
2281 8
2282 8
2283 8
2284 8
2285 8
2286 8
2287 8
2288 8
2289 8
2290 8
2291 8
2292 8
2293 8
2294 8
2295 8
2296 8
2297 8
2298 8
2299 8
2300 8
2301 8
2302 8
2303 8
2304 8
2305 8
2306 8
2307 8
2308 8
2309 8
2310 8
2311 8
2312 8
2313 8
2314 8
2315 8
2316 8
2317 8
2318 8
2319 8
2320 8
2321 8
2322 8
2323 8
2324 8
2325 8
2326 8
2327 8
2328 8
2329 8
2330 8
2331 8
2332 8
2333 8
2334 8
2335 8
2336 8
2337 8
2338 8
2339 8
2340 8
2341 8
2342 8
2343 8
2344 8
2345 8
2346 8
2347 8
2348 8
2349 8
2350 8
2351 8
2352 8
2353 8
2354 8
2355 8
2356 8
2357 8
2358 8
2359 8
2360 8
2361 8
2362 8
2363 8
2364 8
2365 8
2366 8
2367 8
2368 8
2369 8
2370 8
2371 8
2372 8
2373 8
2374 8
2375 8
2376 8
2377 8
2378 8
2379 8
2380 8
2381 8
2382 8
2383 8
2384 8
2385 8
2386 8
2387 8
2388 8
2389 8
2390 8
2391 8
2392 8
2393 8
2394 8
2395 8
2396 8
2397 8
2398 8
2399 8
2400 8
2401 8
2402 8
2403 8
2404 8
