962 6
963 6
964 6
965 6
966 6
967 6
968 6
969 6
970 6
971 6
972 6
973 6
974 6
975 6
976 6
977 6
978 6
979 6
980 6
981 6
982 6
983 6
984 6
985 6
986 6
987 6
988 6
989 6
990 6
991 6
992 6
993 6
994 6
995 6
996 6
997 6
998 6
999 6
1000 6
1001 6
1002 6
1003 6
1004 6
1005 6
1006 6
1007 6
1008 6
1009 6
1010 6
1011 6
1012 6
1013 6
1014 6
1015 6
1016 6
1017 6
1018 6
1019 6
1020 6
1021 6
1022 6
1023 6
1024 6
1025 6
1026 6
1027 6
1028 6
1029 6
1030 6
1031 6
1032 6
1033 6
1034 6
1035 6
1036 6
1037 6
1038 6
1039 6
1040 6
1041 6
1042 6
1043 6
1044 6
1045 6
1046 6
1047 6
1048 6
1049 6
1050 6
1051 6
1052 6
1053 6
1054 6
1055 6
1056 6
1057 6
1058 6
1059 6
1060 6
1061 6
1062 6
1063 6
1064 6
1065 6
1066 6
1067 6
1068 6
1069 6
1070 6
1071 6
1072 6
1073 6
1074 6
1075 6
1076 6
1077 6
1078 6
1079 6
1080 6
1081 6
1082 6
1083 6
1084 6
1085 6
1086 6
1087 6
1088 6
1089 6
1090 6
1091 6
1092 6
1093 6
1094 6
1095 6
1096 6
1097 6
1098 6
1099 6
1100 6
1101 6
1102 6
1103 6
1104 6
1105 6
1106 6
1107 6
1108 6
1109 6
1110 6
1111 6
1112 6
1113 6
1114 6
1115 6
1116 6
1117 6
1118 6
1119 6
1120 6
1121 6
1122 6
1123 6
1124 6
1125 6
1126 6
1127 6
1128 6
1129 6
1130 6
1131 6
1132 6
1133 6
1134 6
1135 6
1136 6
1137 6
1138 6
1139 6
1140 6
1141 6
1142 6
1143 6
1144 6
1145 6
1146 6
1147 6
1148 6
1149 6
1150 6
1151 6
1152 6
1153 6
1154 6
1155 6
1156 6
1157 6
1158 6
1159 6
1160 6
1161 6
1162 6
1163 6
1164 6
1165 6
1166 6
1167 6
1168 6
1169 6
1170 6
1171 6
1172 6
1173 6
1174 6
1175 6
1176 6
1177 6
1178 6
1179 6
1180 6
1181 6
1182 6
1183 6
1184 6
1185 6
1186 6
1187 6
1188 6
1189 6
1190 6
1191 6
1192 6
1193 6
1194 6
1195 6
1196 6
1197 6
1198 6
1199 6
1200 6
1201 6
1202 6
1203 6
1204 6
1205 6
1206 6
1207 6
1208 6
1209 6
1210 6
1211 6
1212 6
1213 6
1214 6
1215 6
1216 6
1217 6
1218 6
1219 6
1220 6
1221 6
1222 6
1223 6
1224 6
1225 6
1226 6
1227 6
1228 6
1229 6
1230 6
1231 6
1232 6
1233 6
1234 6
1235 6
1236 6
1237 6
1238 6
1239 6
1240 6
1241 6
1242 6
1243 6
1244 7
1245 7
1246 7
1247 7
1248 7
1249 7
1250 7
1251 7
1252 7
1253 7
1254 7
1255 7
1256 7
1257 7
1258 7
1259 7
1260 7
1261 7
1262 7
1263 7
1264 7
1265 7
1266 7
1267 7
1268 7
1269 7
1270 7
1271 7
1272 7
1273 7
1274 7
1275 7
1276 7
1277 7
1278 7
1279 7
1280 7
1281 7
1282 7
1283 7
1284 7
1285 7
1286 7
1287 7
1288 7
1289 7
1290 7
1291 7
1292 7
1293 7
1294 7
1295 7
1296 7
1297 7
1298 7
1299 7
1300 7
1301 7
1302 7
1303 7
1304 7
1305 7
1306 7
1307 7
1308 7
1309 7
1310 7
1311 7
1312 7
1313 7
1314 7
1315 7
1316 7
1317 7
1318 7
1319 7
1320 7
1321 7
1322 7
1323 7
1324 7
1325 7
1326 7
1327 7
1328 7
1329 7
1330 7
1331 7
1332 7
1333 7
1334 7
1335 7
1336 7
1337 7
1338 7
1339 7
1340 7
1341 7
1342 7
1343 7
1344 7
1345 7
1346 7
1347 7
1348 7
1349 7
1350 7
1351 7
1352 7
1353 7
1354 7
1355 7
1356 7
1357 7
1358 7
1359 7
1360 7
1361 7
1362 7
1363 7
1364 7
1365 7
1366 7
1367 7
1368 7
1369 7
1370 7
1371 7
1372 7
1373 7
1374 7
1375 7
1376 7
1377 7
1378 7
1379 7
1380 7
1381 7
1382 7
1383 7
1384 7
1385 7
1386 7
1387 7
1388 7
1389 7
1390 7
1391 7
1392 7
1393 7
1394 7
1395 7
1396 7
1397 7
1398 7
1399 7
1400 7
1401 7
1402 7
1403 7
1404 7
1405 7
1406 7
1407 7
1408 7
1409 7
1410 7
1411 7
1412 7
1413 7
1414 7
1415 7
1416 7
1417 7
1418 7
1419 7
1420 7
1421 7
1422 7
1423 7
1424 7
1425 7
1426 7
1427 7
1428 7
1429 7
1430 7
1431 7
1432 7
1433 7
1434 7
1435 7
1436 7
1437 7
1438 7
1439 7
1440 7
1441 7
1442 7
