2405 8
2406 8
2407 8
2408 8
2409 8
2410 8
2411 8
2412 8
2413 8
2414 8
2415 8
2416 8
2417 8
2418 8
2419 8
2420 8
2421 8
2422 8
2423 8
2424 8
2425 8
2426 8
2427 8
2428 8
2429 8
2430 8
2431 8
2432 8
2433 8
2434 8
2435 8
2436 8
2437 8
2438 8
2439 8
2440 8
2441 8
2442 8
2443 8
2444 8
2445 8
2446 8
2447 8
2448 8
2449 8
2450 8
2451 8
2452 8
2453 8
2454 8
2455 8
2456 8
2457 8
2458 8
2459 8
2460 8
2461 8
2462 8
2463 8
2464 8
2465 8
2466 8
2467 8
2468 8
2469 8
2470 8
2471 8
2472 8
2473 8
2474 8
2475 8
2476 8
2477 8
2478 8
2479 8
2480 8
2481 8
2482 8
2483 8
2484 8
2485 8
2486 8
2487 8
2488 8
2489 8
2490 8
2491 8
2492 8
2493 8
2494 8
2495 8
2496 8
2497 8
2498 8
2499 8
2500 8
2501 8
2502 8
2503 8
2504 8
2505 8
2506 8
2507 8
2508 8
2509 8
2510 8
2511 8
2512 8
2513 8
2514 8
2515 8
2516 8
2517 8
2518 8
2519 8
2520 8
2521 8
2522 8
2523 8
2524 8
2525 8
2526 8
2527 8
2528 8
2529 8
2530 8
2531 8
2532 8
2533 8
2534 8
2535 8
2536 8
2537 8
2538 8
2539 8
2540 8
2541 8
2542 8
2543 8
2544 8
2545 8
2546 8
2547 8
2548 8
2549 8
2550 8
2551 8
2552 8
2553 8
2554 8
2555 8
2556 8
2557 8
2558 8
2559 8
2560 8
2561 8
2562 8
2563 8
2564 8
2565 8
2566 8
2567 8
2568 8
2569 8
2570 8
2571 8
2572 8
2573 8
2574 8
2575 8
2576 8
2577 8
2578 8
2579 8
2580 8
2581 8
2582 8
2583 8
2584 8
2585 8
2586 8
2587 8
2588 8
2589 8
2590 8
2591 8
2592 8
2593 8
2594 8
2595 8
2596 8
2597 8
2598 8
2599 8
2600 8
2601 8
2602 8
2603 8
2604 8
2605 8
2606 8
2607 8
2608 8
2609 8
2610 8
2611 8
2612 8
2613 8
2614 8
2615 8
2616 8
2617 8
2618 8
2619 8
2620 8
2621 8
2622 8
2623 8
2624 8
2625 8
2626 8
2627 8
2628 8
2629 8
2630 8
2631 8
2632 8
2633 8
2634 8
2635 8
2636 8
2637 8
2638 8
2639 8
2640 8
2641 8
2642 8
2643 8
2644 8
2645 8
2646 8
2647 8
2648 8
2649 8
2650 8
2651 8
2652 8
2653 8
2654 8
2655 8
2656 8
2657 8
2658 8
2659 8
2660 8
2661 8
2662 8
2663 8
2664 8
2665 8
2666 8
2667 8
2668 8
2669 8
2670 8
2671 8
2672 8
2673 8
2674 8
2675 8
2676 8
2677 8
2678 8
2679 8
2680 8
2681 8
2682 8
2683 8
2684 8
2685 8
2686 8
2687 8
2688 8
2689 8
2690 8
2691 8
2692 8
2693 8
2694 8
2695 8
2696 8
2697 8
2698 8
2699 8
2700 8
2701 8
2702 8
2703 8
2704 8
2705 8
2706 8
2707 8
2708 8
2709 8
2710 8
2711 8
2712 8
2713 8
2714 8
2715 8
2716 8
2717 8
2718 8
2719 8
2720 8
2721 8
2722 8
2723 8
2724 8
2725 8
2726 8
2727 8
2728 8
2729 8
2730 8
2731 8
2732 8
2733 8
2734 8
2735 8
2736 8
2737 8
2738 8
2739 8
2740 8
2741 8
2742 8
2743 8
2744 8
2745 8
2746 8
2747 8
2748 8
2749 8
2750 8
2751 8
2752 8
2753 8
2754 8
2755 8
2756 8
2757 8
2758 8
2759 8
2760 8
2761 8
2762 8
2763 8
2764 8
2765 8
2766 8
2767 8
2768 8
2769 8
2770 8
2771 8
2772 8
2773 8
2774 8
2775 8
2776 8
2777 8
2778 8
2779 8
2780 8
2781 8
2782 8
2783 8
2784 8
2785 8
2786 8
2787 8
2788 8
2789 8
2790 8
2791 8
2792 8
2793 8
2794 8
2795 8
2796 8
2797 8
2798 8
2799 8
2800 8
2801 8
2802 8
2803 8
2804 8
2805 8
2806 8
2807 8
2808 9
2809 9
2810 9
2811 9
2812 9
2813 9
2814 9
2815 9
2816 9
2817 9
2818 9
2819 9
2820 9
2821 9
2822 9
2823 9
2824 9
2825 9
2826 9
2827 9
2828 9
2829 9
2830 9
2831 9
2832 9
2833 9
2834 9
2835 9
2836 9
2837 9
2838 9
2839 9
2840 9
2841 9
2842 9
2843 9
2844 9
2845 9
2846 9
2847 9
2848 9
2849 9
2850 9
2851 9
2852 9
2853 9
2854 9
2855 9
2856 9
2857 9
2858 9
2859 9
2860 9
2861 9
2862 9
2863 9
2864 9
2865 9
2866 9
2867 9
2868 9
2869 9
2870 9
2871 9
2872 9
2873 9
2874 9
2875 9
2876 9
2877 9
2878 9
2879 9
2880 9
2881 9
2882 9
