0 12
1 11
2 10
3 12
4 11
5 9
6 12
7 11
8 10
9 12
10 11
11 8
12 12
13 11
14 10
15 12
16 11
17 9
18 12
19 11
20 10
21 11
22 7
23 12
24 11
25 10
26 12
27 11
28 9
29 12
30 11
31 10
32 12
33 11
34 8
35 12
36 11
37 10
38 12
39 11
40 9
41 12
42 11
43 10
44 11
45 6
46 12
47 11
48 10
49 12
50 11
51 9
52 12
53 11
54 10
55 12
56 11
57 8
58 12
59 11
60 10
61 12
62 11
63 9
64 12
65 11
66 10
67 11
68 7
69 12
70 11
71 10
72 12
73 11
74 9
75 12
76 11
77 10
78 11
79 8
80 12
81 11
82 10
83 12
84 11
85 9
86 12
87 11
88 10
89 11
90 5
91 12
92 11
93 10
94 12
95 11
96 9
97 12
98 11
99 10
100 12
101 11
102 8
103 12
104 11
105 10
106 12
107 11
108 9
109 12
110 11
111 10
112 11
113 7
114 12
115 11
116 10
117 12
118 11
119 9
120 12
121 11
122 10
123 11
124 8
125 12
126 11
127 10
128 12
129 11
130 9
131 12
132 11
133 10
134 11
135 6
136 12
137 11
138 10
139 12
140 11
141 9
142 12
143 11
144 10
145 12
146 11
147 8
148 12
149 11
150 10
151 12
152 11
153 9
154 12
155 11
156 10
157 11
158 7
159 12
160 11
161 10
162 12
163 11
164 9
165 12
166 11
167 10
168 11
169 8
170 12
171 11
172 10
173 12
174 11
175 9
176 12
177 11
178 10
179 11
180 4
181 12
182 11
183 10
184 12
185 11
186 9
187 12
188 11
189 10
190 12
191 11
192 8
193 12
194 11
195 10
196 12
197 11
198 9
199 12
200 11
201 10
202 11
203 7
204 12
205 11
206 10
207 12
208 11
209 9
210 12
211 11
212 10
213 11
214 8
215 12
216 11
217 10
218 12
219 11
220 9
221 12
222 11
223 10
224 11
225 6
226 12
227 11
228 10
229 12
230 11
231 9
232 12
233 11
234 10
235 12
236 11
237 8
238 12
239 11
240 10
241 12
242 11
243 9
244 12
245 11
246 10
247 11
248 7
249 12
250 11
251 10
252 12
253 11
254 9
255 12
256 11
257 10
258 11
259 8
260 12
261 11
262 10
263 12
264 11
265 9
266 12
267 11
268 10
269 11
270 5
271 12
272 11
273 10
274 12
275 11
276 9
277 12
278 11
279 10
280 12
281 11
282 8
283 12
284 11
285 10
286 12
287 11
288 9
289 12
290 11
291 10
292 11
293 7
294 12
295 11
296 10
297 12
298 11
299 9
300 12
301 11
302 10
303 11
304 8
305 12
306 11
307 10
308 12
309 11
310 9
311 12
312 11
313 10
314 11
315 6
316 12
317 11
318 10
319 12
320 11
321 9
322 12
323 11
324 10
325 12
326 11
327 8
328 12
329 11
330 10
331 12
332 11
333 9
334 12
335 11
336 10
337 11
338 7
339 12
340 11
341 10
342 12
343 11
344 9
345 12
346 11
347 10
348 11
349 8
350 12
351 11
352 10
353 12
354 11
355 9
356 12
357 11
358 10
359 11
360 3
361 12
362 11
363 10
364 12
365 11
366 9
367 12
368 11
369 10
370 12
371 11
372 8
373 12
374 11
375 10
376 12
377 11
378 9
379 12
380 11
381 10
382 11
383 7
384 12
385 11
386 10
387 12
388 11
389 9
390 12
391 11
392 10
393 11
394 8
395 12
396 11
397 10
398 12
399 11
400 9
401 12
402 11
403 10
404 11
405 6
406 12
407 11
408 10
409 12
410 11
411 9
412 12
413 11
414 10
415 12
416 11
417 8
418 12
419 11
420 10
421 12
422 11
423 9
424 12
425 11
426 10
427 11
428 7
429 12
430 11
431 10
432 12
433 11
434 9
435 12
436 11
437 10
438 11
439 8
440 12
441 11
442 10
443 12
444 11
445 9
446 12
447 11
448 10
449 11
450 5
451 12
452 11
453 10
454 12
455 11
456 9
457 12
458 11
459 10
460 12
461 11
462 8
463 12
464 11
465 10
466 12
467 11
468 9
469 12
470 11
471 10
472 11
473 7
474 12
475 11
476 10
477 12
478 11
479 9
480 12
481 11
482 10
483 11
484 8
485 12
486 11
487 10
488 12
489 11
490 9
491 12
492 11
493 10
494 11
495 6
496 12
497 11
498 10
499 12
500 11
501 9
502 12
503 11
504 10
505 12
506 11
507 8
508 12
509 11
510 10
511 12
512 11
513 9
514 12
515 11
516 10
517 11
518 7
519 12
520 11
521 10
522 12
523 11
524 9
525 12
526 11
527 10
528 11
529 8
530 12
531 11
532 10
533 12
534 11
535 9
536 12
537 11
538 10
539 11
540 4
541 12
542 11
543 10
544 12
545 11
546 9
547 12
548 11
549 10
550 12
551 11
552 8
553 12
554 11
555 10
556 12
557 11
558 9
559 12
560 11
561 10
562 11
563 7
564 12
565 11
566 10
567 12
568 11
569 9
570 12
571 11
572 10
573 11
574 8
575 12
576 11
577 10
578 12
579 11
580 9
581 12
582 11
583 10
584 11
585 6
586 12
587 11
588 10
589 12
590 11
591 9
592 12
593 11
594 10
595 12
596 11
597 8
598 12
599 11
600 10
601 12
602 11
603 9
604 12
605 11
606 10
607 11
608 7
609 12
610 11
611 10
612 12
613 11
614 9
615 12
616 11
617 10
618 11
619 8
620 12
621 11
622 10
623 12
624 11
625 9
626 12
627 11
628 10
629 11
630 5
631 12
632 11
633 10
634 12
635 11
636 9
637 12
638 11
639 10
640 12
641 11
642 8
643 12
644 11
645 10
646 12
647 11
648 9
649 12
650 11
651 10
652 11
653 7
654 12
655 11
656 10
657 12
658 11
659 9
660 12
661 11
662 10
663 11
664 8
665 12
666 11
667 10
668 12
669 11
670 9
671 12
672 11
673 10
674 11
675 6
676 12
677 11
678 10
679 12
680 11
681 9
682 12
683 11
684 10
685 12
686 11
687 8
688 12
689 11
690 10
691 12
692 11
693 9
694 12
695 11
696 10
697 11
698 7
699 12
700 11
701 10
702 12
703 11
704 9
705 12
706 11
707 10
708 11
709 8
710 12
711 11
712 10
713 12
714 11
715 9
716 12
717 11
718 10
719 11
720 2
721 12
722 11
723 10
724 12
725 11
726 9
727 12
728 11
729 10
730 12
731 11
732 8
733 12
734 11
735 10
736 12
737 11
738 9
739 12
740 11
741 10
742 11
743 7
744 12
745 11
746 10
747 12
748 11
749 9
750 12
751 11
752 10
753 12
754 11
755 8
756 12
757 11
758 10
759 12
760 11
761 9
762 12
763 11
764 10
765 11
766 6
767 12
768 11
769 10
770 12
771 11
772 9
773 12
774 11
775 10
776 12
777 11
778 8
779 12
780 11
781 10
782 12
783 11
784 9
785 12
786 11
787 10
788 11
789 7
790 12
791 11
792 10
793 12
794 11
795 9
796 12
797 11
798 10
799 11
800 8
801 12
802 11
803 10
804 12
805 11
806 9
807 12
808 11
809 10
810 11
811 5
812 12
813 11
814 10
815 12
816 11
817 9
818 12
819 11
820 10
821 12
822 11
823 8
824 12
825 11
826 10
827 12
828 11
829 9
830 12
831 11
832 10
833 11
834 7
835 12
836 11
837 10
838 12
839 11
840 9
841 12
842 11
843 10
844 11
845 8
846 12
847 11
848 10
849 12
850 11
851 9
852 12
853 11
854 10
855 11
856 6
857 12
858 11
859 10
860 12
861 11
862 9
863 12
864 11
865 10
866 12
867 11
868 8
869 12
870 11
871 10
872 12
873 11
874 9
875 11
876 11
877 10
878 11
879 7
880 12
881 11
882 10
883 12
884 11
885 9
886 12
887 11
888 10
889 11
890 8
891 12
892 11
893 10
894 12
895 11
896 9
897 12
898 11
899 10
900 11
901 4
902 12
903 11
904 10
905 12
906 11
907 9
908 12
909 11
910 10
911 12
912 11
913 8
914 12
915 11
916 10
917 12
918 11
919 9
920 12
921 11
922 10
923 11
924 7
925 12
926 11
927 10
928 12
929 11
930 9
931 12
932 11
933 10
934 11
935 8
936 12
937 11
938 10
939 12
940 11
941 9
942 12
943 11
944 10
945 11
946 6
947 12
948 11
949 10
950 12
951 11
952 9
953 12
954 11
955 10
956 12
957 11
958 8
959 12
960 11
961 10
962 12
963 11
964 9
965 12
966 11
967 10
968 11
969 7
970 12
971 11
972 10
973 12
974 11
975 9
976 12
977 11
978 10
979 11
980 8
981 12
982 11
983 10
984 12
985 11
986 9
987 12
988 11
989 10
990 11
991 5
992 12
993 11
994 10
995 12
996 11
997 9
998 12
999 11
1000 10
1001 12
1002 11
1003 8
1004 12
1005 11
1006 10
1007 12
1008 11
1009 9
1010 12
1011 11
1012 10
1013 11
1014 7
1015 12
1016 11
1017 10
1018 12
1019 11
1020 9
1021 12
1022 11
1023 10
1024 11
1025 8
1026 12
1027 11
1028 10
1029 12
1030 11
1031 9
1032 12
1033 11
1034 10
1035 11
1036 6
1037 12
1038 11
1039 10
1040 12
1041 11
1042 9
1043 12
1044 11
1045 10
1046 12
1047 11
1048 8
1049 12
1050 11
1051 10
1052 12
1053 11
1054 9
1055 12
1056 11
1057 10
1058 11
1059 7
1060 12
1061 11
1062 10
1063 12
1064 11
1065 9
1066 12
1067 11
1068 10
1069 11
1070 8
1071 12
1072 11
1073 10
1074 12
1075 11
1076 9
1077 12
1078 11
1079 10
1080 11
1081 3
1082 12
1083 11
1084 10
1085 12
1086 11
1087 9
1088 12
1089 11
1090 10
1091 12
1092 11
1093 8
1094 12
1095 11
1096 10
1097 12
1098 11
1099 9
1100 12
1101 11
1102 10
1103 11
1104 7
1105 12
1106 11
1107 10
1108 12
1109 11
1110 9
1111 12
1112 11
1113 10
1114 11
1115 8
1116 12
1117 11
1118 10
1119 12
1120 11
1121 9
1122 12
1123 11
1124 10
1125 11
1126 6
1127 12
1128 11
1129 10
1130 12
1131 11
1132 9
1133 12
1134 11
1135 10
1136 12
1137 11
1138 8
1139 12
1140 11
1141 10
1142 12
1143 11
1144 9
1145 12
1146 11
1147 10
1148 11
1149 7
1150 12
1151 11
1152 10
1153 12
1154 11
1155 9
1156 12
1157 11
1158 10
1159 11
1160 8
1161 12
1162 11
1163 10
1164 12
1165 11
1166 9
1167 12
1168 11
1169 10
1170 11
1171 5
1172 12
1173 11
1174 10
1175 12
1176 11
1177 9
1178 12
1179 11
1180 10
1181 12
1182 11
1183 8
1184 12
1185 11
1186 10
1187 12
1188 11
1189 9
1190 12
1191 11
1192 10
1193 11
1194 7
1195 12
1196 11
1197 10
1198 12
1199 11
1200 9
1201 12
1202 11
1203 10
1204 11
1205 8
1206 12
1207 11
1208 10
1209 12
1210 11
1211 9
1212 12
1213 11
1214 10
1215 11
1216 6
1217 12
1218 11
1219 10
1220 12
1221 11
1222 9
1223 12
1224 11
1225 10
1226 12
1227 11
1228 8
1229 12
1230 11
1231 10
1232 12
1233 11
1234 9
1235 12
1236 11
1237 10
1238 11
1239 7
1240 12
1241 11
1242 10
1243 12
1244 11
1245 9
1246 12
1247 11
1248 10
1249 11
1250 8
1251 12
1252 11
1253 10
1254 12
1255 11
1256 9
1257 12
1258 11
1259 10
1260 11
1261 4
1262 12
1263 11
1264 10
1265 12
1266 11
1267 9
1268 12
1269 11
1270 10
1271 12
1272 11
1273 8
1274 12
1275 11
1276 10
1277 12
1278 11
1279 9
1280 12
1281 11
1282 10
1283 11
1284 7
1285 12
1286 11
1287 10
1288 12
1289 11
1290 9
1291 12
1292 11
1293 10
1294 11
1295 8
1296 12
1297 11
1298 10
1299 12
1300 11
1301 9
1302 12
1303 11
1304 10
1305 11
1306 6
1307 12
1308 11
1309 10
1310 12
1311 11
1312 9
1313 12
1314 11
1315 10
1316 12
1317 11
1318 8
1319 12
1320 11
1321 10
1322 12
1323 11
1324 9
1325 12
1326 11
1327 10
1328 11
1329 7
1330 12
1331 11
1332 10
1333 12
1334 11
1335 9
1336 12
1337 11
1338 10
1339 11
1340 8
1341 12
1342 11
1343 10
1344 12
1345 11
1346 9
1347 12
1348 11
1349 10
1350 11
1351 5
1352 12
1353 11
1354 10
1355 12
1356 11
1357 9
1358 12
1359 11
1360 10
1361 12
1362 11
1363 8
1364 12
1365 11
1366 10
1367 12
1368 11
1369 9
1370 12
1371 11
1372 10
1373 11
1374 7
1375 12
1376 11
1377 10
1378 12
1379 11
1380 9
1381 12
1382 11
1383 10
1384 11
1385 8
1386 12
1387 11
1388 10
1389 12
1390 11
1391 9
1392 12
1393 11
1394 10
1395 11
1396 6
1397 12
1398 11
1399 10
1400 12
1401 11
1402 9
1403 12
1404 11
1405 10
1406 12
1407 11
1408 8
1409 12
1410 11
1411 10
1412 12
1413 11
1414 9
1415 12
1416 11
1417 10
1418 11
1419 7
1420 12
1421 11
1422 10
1423 12
1424 11
1425 9
1426 12
1427 11
1428 10
1429 11
1430 8
1431 12
1432 11
1433 10
1434 12
1435 11
1436 9
1437 12
1438 11
1439 10
1440 11
1441 1
1442 12
1443 11
1444 10
1445 12
1446 11
1447 9
1448 12
1449 11
1450 10
1451 12
1452 11
1453 8
1454 12
1455 11
1456 10
1457 12
1458 11
1459 9
1460 12
1461 11
1462 10
1463 11
1464 7
1465 12
1466 11
1467 10
1468 12
1469 11
1470 9
1471 12
1472 11
1473 10
1474 12
1475 11
1476 8
1477 12
1478 11
1479 10
1480 12
1481 11
1482 9
1483 12
1484 11
1485 10
1486 11
1487 6
1488 12
1489 11
1490 10
1491 12
1492 11
1493 9
1494 12
1495 11
1496 10
1497 12
1498 11
1499 8
1500 12
1501 11
1502 10
1503 12
1504 11
1505 9
1506 12
1507 11
1508 10
1509 11
1510 7
1511 12
1512 11
1513 10
1514 12
1515 11
1516 9
1517 12
1518 11
1519 10
1520 11
1521 8
1522 12
1523 11
1524 10
1525 12
1526 11
1527 9
1528 12
1529 11
1530 10
1531 11
1532 5
1533 12
1534 11
1535 10
1536 12
1537 11
1538 9
1539 12
1540 11
1541 10
1542 12
1543 11
1544 8
1545 12
1546 11
1547 10
1548 12
1549 11
1550 9
1551 12
1552 11
1553 10
1554 11
1555 7
1556 12
1557 11
1558 10
1559 12
1560 11
1561 9
1562 12
1563 11
1564 10
1565 11
1566 8
1567 12
1568 11
1569 10
1570 12
1571 11
1572 9
1573 12
1574 11
1575 10
1576 11
1577 6
1578 12
1579 11
1580 10
1581 12
1582 11
1583 9
1584 12
1585 11
1586 10
1587 12
1588 11
1589 8
1590 12
1591 11
1592 10
1593 12
1594 11
1595 9
1596 12
1597 11
1598 10
1599 11
1600 7
1601 12
1602 11
1603 10
1604 12
1605 11
1606 9
1607 12
1608 11
1609 10
1610 11
1611 8
1612 12
1613 11
1614 10
1615 12
1616 11
1617 9
1618 12
1619 11
1620 10
1621 11
1622 4
1623 12
1624 11
1625 10
1626 12
1627 11
1628 9
1629 12
1630 11
1631 10
1632 12
1633 11
1634 8
1635 12
1636 11
1637 10
1638 12
1639 11
1640 9
1641 12
1642 11
1643 10
1644 11
1645 7
1646 12
1647 11
1648 10
1649 12
1650 11
1651 9
1652 12
1653 11
1654 10
1655 11
1656 8
1657 12
1658 11
1659 10
1660 12
1661 11
1662 9
1663 12
1664 11
1665 10
1666 11
1667 6
1668 12
1669 11
1670 10
1671 12
1672 11
1673 9
1674 12
1675 11
1676 10
1677 12
1678 11
1679 8
1680 12
1681 11
1682 10
1683 12
1684 11
1685 9
1686 12
1687 11
1688 10
1689 11
1690 7
1691 12
1692 11
1693 10
1694 12
1695 11
1696 9
1697 12
1698 11
1699 10
1700 11
1701 8
1702 12
1703 11
1704 10
1705 12
1706 11
1707 9
1708 12
1709 11
1710 10
1711 11
1712 5
1713 12
1714 11
1715 10
1716 12
1717 11
1718 9
1719 12
1720 11
1721 10
1722 12
1723 11
1724 8
1725 12
1726 11
1727 10
1728 12
1729 11
1730 9
1731 12
1732 11
1733 10
1734 11
1735 7
1736 12
1737 11
1738 10
1739 12
1740 11
1741 9
1742 12
1743 11
1744 10
1745 11
1746 8
1747 12
1748 11
1749 10
1750 12
1751 11
1752 9
1753 12
1754 11
1755 10
1756 11
1757 6
1758 12
1759 11
1760 10
1761 12
1762 11
1763 9
1764 12
1765 11
1766 10
1767 12
1768 11
1769 8
1770 12
1771 11
1772 10
1773 12
1774 11
1775 9
1776 12
1777 11
1778 10
1779 11
1780 7
1781 12
1782 11
1783 10
1784 12
1785 11
1786 9
1787 12
1788 11
1789 10
1790 11
1791 8
1792 12
1793 11
1794 10
1795 12
1796 11
1797 9
1798 12
1799 11
1800 10
1801 11
1802 3
1803 12
1804 11
1805 10
1806 12
1807 11
1808 9
1809 12
1810 11
1811 10
1812 12
1813 11
1814 8
1815 12
1816 11
1817 10
1818 12
1819 11
1820 9
1821 12
1822 11
1823 10
1824 11
1825 7
1826 12
1827 11
1828 10
1829 12
1830 11
1831 9
1832 12
1833 11
1834 10
1835 11
1836 8
1837 12
1838 11
1839 10
1840 12
1841 11
1842 9
1843 12
1844 11
1845 10
1846 11
1847 6
1848 12
1849 11
1850 10
1851 12
1852 11
1853 9
1854 12
1855 11
1856 10
1857 12
1858 11
1859 8
1860 12
1861 11
1862 10
1863 12
1864 11
1865 9
1866 12
1867 11
1868 10
1869 11
1870 7
1871 12
1872 11
1873 10
1874 12
1875 11
1876 9
1877 12
1878 11
1879 10
1880 11
1881 8
1882 12
1883 11
1884 10
1885 12
1886 11
1887 9
1888 12
1889 11
1890 10
1891 11
1892 5
1893 12
1894 11
1895 10
1896 12
1897 11
1898 9
1899 12
1900 11
1901 10
1902 12
1903 11
1904 8
1905 12
1906 11
1907 10
1908 12
1909 11
1910 9
1911 12
1912 11
1913 10
1914 11
1915 7
1916 12
1917 11
1918 10
1919 12
1920 11
1921 9
1922 12
1923 11
1924 10
1925 11
1926 8
1927 12
1928 11
1929 10
1930 12
1931 11
1932 9
1933 12
1934 11
1935 10
1936 11
1937 6
1938 12
1939 11
1940 10
1941 12
1942 11
1943 9
1944 12
1945 11
1946 10
1947 12
1948 11
1949 8
1950 12
1951 11
1952 10
1953 12
1954 11
1955 9
1956 12
1957 11
1958 10
1959 11
1960 7
1961 12
1962 11
1963 10
1964 12
1965 11
1966 9
1967 12
1968 11
1969 10
1970 11
1971 8
1972 12
1973 11
1974 10
1975 12
1976 11
1977 9
1978 12
1979 11
1980 10
1981 11
1982 4
1983 12
1984 11
1985 10
1986 12
1987 11
1988 9
1989 12
1990 11
1991 10
1992 12
1993 11
1994 8
1995 12
1996 11
1997 10
1998 12
1999 11
2000 9
2001 12
2002 11
2003 10
2004 11
2005 7
2006 12
2007 11
2008 10
2009 12
2010 11
2011 9
2012 12
2013 11
2014 10
2015 11
2016 8
2017 12
2018 11
2019 10
2020 12
2021 11
2022 9
2023 12
2024 11
2025 10
2026 11
2027 6
2028 12
2029 11
2030 10
2031 12
2032 11
2033 9
2034 12
2035 11
2036 10
2037 12
2038 11
2039 8
2040 12
2041 11
2042 10
2043 12
2044 11
2045 9
2046 12
2047 11
2048 10
2049 11
2050 7
2051 12
2052 11
2053 10
2054 12
2055 11
2056 9
2057 12
2058 11
2059 10
2060 11
2061 8
2062 12
2063 11
2064 10
2065 12
2066 11
2067 9
2068 12
2069 11
2070 10
2071 11
2072 5
2073 12
2074 11
2075 10
2076 12
2077 11
2078 9
2079 12
2080 11
2081 10
2082 12
2083 11
2084 8
2085 12
2086 11
2087 10
2088 12
2089 11
2090 9
2091 12
2092 11
2093 10
2094 11
2095 7
2096 12
2097 11
2098 10
2099 12
2100 11
2101 9
2102 12
2103 11
2104 10
2105 11
2106 8
2107 12
2108 11
2109 10
2110 12
2111 11
2112 9
2113 12
2114 11
2115 10
2116 11
2117 6
2118 12
2119 11
2120 10
2121 12
2122 11
2123 9
2124 12
2125 11
2126 10
2127 12
2128 11
2129 8
2130 12
2131 11
2132 10
2133 12
2134 11
2135 9
2136 12
2137 11
2138 10
2139 11
2140 7
2141 12
2142 11
2143 10
2144 12
2145 11
2146 9
2147 12
2148 11
2149 10
2150 11
2151 8
2152 12
2153 11
2154 10
2155 12
2156 11
2157 9
2158 12
2159 11
2160 10
2161 11
2162 2
2163 12
2164 11
2165 10
2166 12
2167 11
2168 9
2169 12
2170 11
2171 10
2172 12
2173 11
2174 8
2175 12
2176 11
2177 10
2178 12
2179 11
2180 9
2181 12
2182 11
2183 10
2184 11
2185 7
2186 12
2187 11
2188 10
2189 12
2190 11
2191 9
2192 12
2193 11
2194 10
2195 12
2196 11
2197 8
2198 12
2199 11
2200 10
2201 12
2202 11
2203 9
2204 12
2205 11
2206 10
2207 11
2208 6
2209 12
2210 11
2211 10
2212 12
2213 11
2214 9
2215 12
2216 11
2217 10
2218 12
2219 11
2220 8
2221 12
2222 11
2223 10
2224 12
2225 11
2226 9
2227 12
2228 11
2229 10
2230 11
2231 7
2232 12
2233 11
2234 10
2235 12
2236 11
2237 9
2238 12
2239 11
2240 10
2241 11
2242 8
2243 12
2244 11
2245 10
2246 12
2247 11
2248 9
2249 12
2250 11
2251 10
2252 11
2253 5
2254 12
2255 11
2256 10
2257 12
2258 11
2259 9
2260 12
2261 11
2262 10
2263 12
2264 11
2265 8
2266 12
2267 11
2268 10
2269 12
2270 11
2271 9
2272 12
2273 11
2274 10
2275 11
2276 7
2277 12
2278 11
2279 10
2280 12
2281 11
2282 9
2283 12
2284 11
2285 10
2286 11
2287 8
2288 12
2289 11
2290 10
2291 12
2292 11
2293 9
2294 12
2295 11
2296 10
2297 11
2298 6
2299 12
2300 11
2301 10
2302 12
2303 11
2304 9
2305 12
2306 11
2307 10
2308 12
2309 11
2310 8
2311 12
2312 11
2313 10
2314 12
2315 11
2316 9
2317 12
2318 11
2319 10
2320 11
2321 7
2322 12
2323 11
2324 10
2325 12
2326 11
2327 9
2328 12
2329 11
2330 10
2331 11
2332 8
2333 12
2334 11
2335 10
2336 12
2337 11
2338 9
2339 12
2340 11
2341 10
2342 11
2343 4
2344 12
2345 11
2346 10
2347 12
2348 11
2349 9
2350 12
2351 11
2352 10
2353 12
2354 11
2355 8
2356 12
2357 11
2358 10
2359 12
2360 11
2361 9
2362 12
2363 11
2364 10
2365 11
2366 7
2367 12
2368 11
2369 10
2370 12
2371 11
2372 9
2373 12
2374 11
2375 10
2376 11
2377 8
2378 12
2379 11
2380 10
2381 12
2382 11
2383 9
2384 12
2385 11
2386 10
2387 11
2388 6
2389 12
2390 11
2391 10
2392 12
2393 11
2394 9
2395 12
2396 11
2397 10
2398 12
2399 11
2400 8
2401 12
2402 11
2403 10
2404 12
2405 11
2406 9
2407 12
2408 11
2409 10
2410 11
2411 7
2412 12
2413 11
2414 10
2415 12
2416 11
2417 9
2418 12
2419 11
2420 10
2421 11
2422 8
2423 12
2424 11
2425 10
2426 12
2427 11
2428 9
2429 12
2430 11
2431 10
2432 11
2433 5
2434 12
2435 11
2436 10
2437 12
2438 11
2439 9
2440 12
2441 11
2442 10
2443 12
2444 11
2445 8
2446 12
2447 11
2448 10
2449 12
2450 11
2451 9
2452 12
2453 11
2454 10
2455 11
2456 7
2457 12
2458 11
2459 10
2460 12
2461 11
2462 9
2463 12
2464 11
2465 10
2466 11
2467 8
2468 12
2469 11
2470 10
2471 12
2472 11
2473 9
2474 12
2475 11
2476 10
2477 11
2478 6
2479 12
2480 11
2481 10
2482 12
2483 11
2484 9
2485 12
2486 11
2487 10
2488 12
2489 11
2490 8
2491 12
2492 11
2493 10
2494 12
2495 11
2496 9
2497 12
2498 11
2499 10
2500 11
2501 7
2502 12
2503 11
2504 10
2505 12
2506 11
2507 9
2508 12
2509 11
2510 10
2511 11
2512 8
2513 12
2514 11
2515 10
2516 12
2517 11
2518 9
2519 12
2520 11
2521 10
2522 11
2523 3
2524 12
2525 11
2526 10
2527 12
2528 11
2529 9
2530 12
2531 11
2532 10
2533 12
2534 11
2535 8
2536 12
2537 11
2538 10
2539 12
2540 11
2541 9
2542 12
2543 11
2544 10
2545 11
2546 7
2547 12
2548 11
2549 10
2550 12
2551 11
2552 9
2553 12
2554 11
2555 10
2556 11
2557 8
2558 12
2559 11
2560 10
2561 12
2562 11
2563 9
2564 12
2565 11
2566 10
2567 11
2568 6
2569 12
2570 11
2571 10
2572 12
2573 11
2574 9
2575 12
2576 11
2577 10
2578 12
2579 11
2580 8
2581 12
2582 11
2583 10
2584 12
2585 11
2586 9
2587 12
2588 11
2589 10
2590 11
2591 7
2592 12
2593 11
2594 10
2595 12
2596 11
2597 9
2598 12
2599 11
2600 10
2601 11
2602 8
2603 12
2604 11
2605 10
2606 12
2607 11
2608 9
2609 12
2610 11
2611 10
2612 11
2613 5
2614 12
2615 11
2616 10
2617 12
2618 11
2619 9
2620 12
2621 11
2622 10
2623 12
2624 11
2625 8
2626 12
2627 11
2628 10
2629 12
2630 11
2631 9
2632 12
2633 11
2634 10
2635 11
2636 7
2637 12
2638 11
2639 10
2640 12
2641 11
2642 9
2643 12
2644 11
2645 10
2646 11
2647 8
2648 12
2649 11
2650 10
2651 12
2652 11
2653 9
2654 12
2655 11
2656 10
2657 11
2658 6
2659 12
2660 11
2661 10
2662 12
2663 11
2664 9
2665 12
2666 11
2667 10
2668 12
2669 11
2670 8
2671 12
2672 11
2673 10
2674 12
2675 11
2676 9
2677 12
2678 11
2679 10
2680 11
2681 7
2682 12
2683 11
2684 10
2685 12
2686 11
2687 9
2688 12
2689 11
2690 10
2691 11
2692 8
2693 12
2694 11
2695 10
2696 12
2697 11
2698 9
2699 12
2700 11
2701 10
2702 11
2703 4
2704 12
2705 11
2706 10
2707 12
2708 11
2709 9
2710 12
2711 11
2712 10
2713 12
2714 11
2715 8
2716 12
2717 11
2718 10
2719 12
2720 11
2721 9
2722 12
2723 11
2724 10
2725 11
2726 7
2727 12
2728 11
2729 10
2730 12
2731 11
2732 9
2733 12
2734 11
2735 10
2736 11
2737 8
2738 12
2739 11
2740 10
2741 12
2742 11
2743 9
2744 12
2745 11
2746 10
2747 11
2748 6
2749 12
2750 11
2751 10
2752 12
2753 11
2754 9
2755 12
2756 11
2757 10
2758 12
2759 11
2760 8
2761 12
2762 11
2763 10
2764 12
2765 11
2766 9
2767 12
2768 11
2769 10
2770 11
2771 7
2772 12
2773 11
2774 10
2775 12
2776 11
2777 9
2778 12
2779 11
2780 10
2781 11
2782 8
2783 12
2784 11
2785 10
2786 12
2787 11
2788 9
2789 12
2790 11
2791 10
2792 11
2793 5
2794 12
2795 11
2796 10
2797 12
2798 11
2799 9
2800 12
2801 11
2802 10
2803 12
2804 11
2805 8
2806 12
2807 11
2808 10
2809 12
2810 11
2811 9
2812 12
2813 11
2814 10
2815 11
2816 7
2817 12
2818 11
2819 10
2820 12
2821 11
2822 9
2823 12
2824 11
2825 10
2826 11
2827 8
2828 12
2829 11
2830 10
2831 12
2832 11
2833 9
2834 12
2835 11
2836 10
2837 11
2838 6
2839 12
2840 11
2841 10
2842 12
2843 11
2844 9
2845 12
2846 11
2847 10
2848 12
2849 11
2850 8
2851 12
2852 11
2853 10
2854 12
2855 11
2856 9
2857 12
2858 11
2859 10
2860 11
2861 7
2862 12
2863 11
2864 10
2865 12
2866 11
2867 9
2868 12
2869 11
2870 10
2871 11
2872 8
2873 12
2874 11
2875 10
2876 12
2877 11
2878 9
2879 12
2880 11
2881 10
2882 11
