0 1402
1 1032
2 2404
3 1352
4 2876
5 2543
6 2666
7 1260
8 877
9 1346
10 156
11 2330
12 1064
13 1834
14 2406
15 188
16 676
17 391
18 2798
19 1847
20 1380
21 2286
22 2713
23 855
24 863
25 1970
26 1575
27 14
28 1427
29 859
30 48
31 96
32 132
33 167
34 698
35 1005
36 372
37 2552
38 2766
39 1709
40 16
41 2867
42 2736
43 2468
44 33
45 1221
46 2690
47 1569
48 2189
49 1579
50 2644
51 2594
52 1459
53 530
54 208
55 2211
56 769
57 795
58 1334
59 2841
60 2207
61 1946
62 1726
63 80
64 62
65 1664
66 2099
67 2091
68 694
69 647
70 973
71 2524
72 1376
73 1243
74 486
75 812
76 2310
77 1333
78 367
79 1737
80 603
81 2313
82 1623
83 227
84 330
85 677
86 2492
87 113
88 1881
89 919
90 933
91 1062
92 1836
93 1637
94 997
95 2490
96 1271
97 661
98 936
99 2357
100 2422
101 1082
102 1940
103 2863
104 2667
105 1196
106 2092
107 1254
108 285
109 2120
110 221
111 2007
112 438
113 2583
114 1477
115 2692
116 1666
117 2639
118 1408
119 775
120 2271
121 2528
122 1123
123 1829
124 1120
125 2813
126 69
127 1187
128 2015
129 2502
130 2176
131 357
132 561
133 2136
134 2626
135 2273
136 1218
137 1521
138 1457
139 735
140 1188
141 1556
142 564
143 1588
144 152
145 2367
146 265
147 380
148 1669
149 739
150 2497
151 1805
152 2200
153 716
154 1384
155 679
156 2163
157 398
158 540
159 1143
160 2244
161 297
162 2575
163 771
164 1641
165 1103
166 183
167 1775
168 1029
169 127
170 1294
171 2614
172 962
173 2403
174 1842
175 1357
176 1371
177 2621
178 574
179 2811
180 1167
181 1930
182 2844
183 146
184 1625
185 1419
186 1973
187 2487
188 423
189 2775
190 2374
191 328
192 1876
193 1140
194 1691
195 1705
196 1655
197 841
198 1347
199 2426
200 1343
201 978
202 2254
203 1917
204 1935
205 1106
206 1988
207 2352
208 2861
209 652
210 870
211 2504
212 2838
213 308
214 1435
215 2696
216 2586
217 1147
218 1231
219 2435
220 700
221 1238
222 248
223 2605
224 1549
225 94
226 1284
227 555
228 482
229 2395
230 2880
231 2062
232 520
233 765
234 2849
235 1244
236 1170
237 1131
238 2573
239 1081
240 2751
241 935
242 2122
243 450
244 569
245 2866
246 136
247 215
248 2874
249 682
250 390
251 2743
252 1552
253 253
254 1523
255 1614
256 982
257 384
258 182
259 1311
260 2431
261 1964
262 2003
263 117
264 790
265 719
266 1874
267 2274
268 2450
269 1662
270 472
271 1867
272 618
273 2827
274 1431
275 212
276 916
277 811
278 2474
279 111
280 733
281 2533
282 2514
283 2664
284 334
285 1233
286 2030
287 1561
288 2650
289 126
290 2464
291 2592
292 2449
293 1303
294 1283
295 2873
296 1128
297 160
298 361
299 1977
300 1747
301 1516
302 1277
303 1676
304 2296
305 313
306 301
307 1061
308 37
309 1980
310 2535
311 1754
312 1969
313 740
314 2197
315 2730
316 389
317 233
318 27
319 2247
320 1678
321 2402
322 616
323 276
324 2082
325 366
326 1967
327 2659
328 1399
329 2382
330 1875
331 288
332 2363
333 89
334 2550
335 1508
336 1827
337 731
338 2604
339 478
340 674
341 2789
342 154
343 2683
344 2795
345 786
346 211
347 1278
348 1957
349 353
350 1896
351 252
352 138
353 585
354 1312
355 1777
356 1679
357 1104
358 1650
359 2311
360 1229
361 986
362 2430
363 413
364 300
365 2559
366 1727
367 1200
368 943
369 1165
370 523
371 1838
372 1960
373 2130
374 1659
375 757
376 665
377 653
378 1073
379 1695
380 2060
381 30
382 1226
383 2108
384 2000
385 2452
386 2832
387 2208
388 1688
389 2300
390 1413
391 614
392 2151
393 1858
394 164
395 975
396 379
397 2020
398 662
399 192
400 2006
401 177
402 2187
403 1481
404 2329
405 2618
406 151
407 2236
408 1604
409 1072
410 2719
411 2555
412 1856
413 2083
414 58
415 1646
416 2008
417 1707
418 1883
419 1621
420 856
421 1288
422 2039
423 1815
424 1871
425 12
426 2146
427 2380
428 1227
429 232
430 402
431 299
432 2223
433 1210
434 210
435 1152
436 2633
437 1208
438 2648
439 1999
440 2319
441 699
442 592
443 2753
444 246
445 15
446 1214
447 1412
448 749
449 198
450 748
451 2777
452 2857
453 519
454 1043
455 2570
456 875
457 1721
458 1701
459 995
460 701
461 314
462 686
463 2037
464 2836
465 1809
466 475
467 529
468 2160
469 2069
470 2722
471 1139
472 784
473 1452
474 587
475 2522
476 1806
477 2389
478 1541
479 1543
480 2773
481 789
482 2032
483 1593
484 2588
485 54
486 831
487 1362
488 920
489 899
490 2628
491 1868
492 2343
493 1059
494 1129
495 823
496 2654
497 1585
498 1426
499 1258
500 2135
501 509
502 1049
503 2017
504 697
505 1391
506 2408
507 2101
508 1021
509 1250
510 337
511 1574
512 2596
513 2417
514 1598
515 1787
516 1040
517 125
518 1981
519 1513
520 1274
521 2585
522 1648
523 1774
524 1289
525 2351
526 432
527 1716
528 974
529 1051
530 2364
531 1125
532 1944
533 1407
534 1078
535 1185
536 2293
537 1359
538 2684
539 994
540 2584
541 646
542 804
543 2486
544 1178
545 2239
546 713
547 466
548 2222
549 871
550 1205
551 2546
552 2595
553 610
554 448
555 629
556 2609
557 1340
558 2740
559 2538
560 2419
561 2578
562 2077
563 2079
564 1779
565 1498
566 83
567 1020
568 1002
569 342
570 2790
571 396
572 2771
573 818
574 1308
575 1353
576 1642
577 1804
578 234
579 189
580 1320
581 2327
582 821
583 1640
584 803
585 343
586 1300
587 963
588 810
589 1611
590 2624
591 1783
592 637
593 1144
594 2159
595 1363
596 2756
597 1111
598 2630
599 11
600 2096
601 2741
602 1888
603 38
604 2355
605 546
606 1894
607 883
608 1728
609 128
610 344
611 1592
612 544
613 415
614 2853
615 688
616 2116
617 2674
618 815
619 2442
620 1996
621 690
622 2089
623 1350
624 1345
625 1466
626 1628
627 944
628 1189
629 2251
630 2058
631 1054
632 457
633 745
634 1629
635 891
636 2128
637 524
638 1114
639 456
640 493
641 2656
642 2689
643 2784
644 2049
645 1455
646 2400
647 1910
648 1795
649 1475
650 2643
651 2411
652 2828
653 1113
654 1323
655 2057
656 753
657 1708
658 201
659 2622
660 2259
661 1702
662 1719
663 1146
664 218
665 623
666 1833
667 2289
668 1923
669 2593
670 1922
671 1134
672 444
673 306
674 259
675 2755
676 1773
677 1462
678 2328
679 2184
680 1124
681 2554
682 446
683 1001
684 918
685 760
686 547
687 2625
688 987
689 874
690 2341
691 1853
692 1130
693 1024
694 1453
695 2721
696 2875
697 685
698 412
699 90
700 1674
701 1899
702 2361
703 2653
704 1697
705 1269
706 1090
707 1075
708 849
709 1791
710 633
711 1237
712 2386
713 1460
714 1782
715 1364
716 512
717 2501
718 854
719 696
720 2111
721 1373
722 2837
723 1098
724 2854
725 279
726 1616
727 207
728 2169
729 2133
730 1759
731 2194
732 1760
733 2476
734 2162
735 2100
736 1502
737 928
738 436
739 1911
740 2542
741 2279
742 2558
743 2221
744 538
745 970
746 2312
747 185
748 590
749 1011
750 47
751 1307
752 481
753 2493
754 1722
755 1635
756 2529
757 2878
758 1601
759 1606
760 2556
761 580
762 957
763 999
764 1321
765 283
766 1763
767 554
768 1193
769 453
770 1570
771 1101
772 2324
773 1685
774 1102
775 2303
776 707
777 1932
778 214
779 274
780 1652
781 776
782 1986
783 2173
784 205
785 752
786 1190
787 1622
788 2112
789 1693
790 1989
791 1317
792 2054
793 1272
794 2299
795 793
796 1846
797 638
798 115
799 130
800 521
801 1060
802 1292
803 2076
804 2860
805 990
806 984
807 2807
808 2806
809 1476
810 1483
811 2652
812 1790
813 2067
814 645
815 655
816 526
817 942
818 75
819 360
820 144
821 2745
822 941
823 2508
824 924
825 143
826 166
827 2375
828 2565
829 2180
830 1711
831 1661
832 2031
833 632
834 2810
835 1514
836 2323
837 2772
838 2368
839 808
840 2852
841 1824
842 1162
843 2809
844 2018
845 2566
846 2033
847 1310
848 839
849 2662
850 2678
851 1156
852 622
853 2597
854 424
855 681
856 1247
857 2220
858 1486
859 1929
860 2646
861 1351
862 135
863 1750
864 261
865 1546
866 2428
867 2209
868 1004
869 1122
870 828
871 78
872 591
873 2758
874 779
875 1921
876 2177
877 861
878 312
879 734
880 358
881 1807
882 1034
883 2051
884 2459
885 2498
886 2318
887 1851
888 1015
889 254
890 325
891 867
892 1786
893 1793
894 2433
895 1591
896 122
897 2822
898 1366
899 656
900 2855
901 2714
902 1603
903 2562
904 1643
905 1414
906 1799
907 767
908 2024
909 2672
910 1976
911 1997
912 2393
913 2716
914 737
915 1280
916 1699
917 2022
918 2494
919 2589
920 1048
921 756
922 1445
923 2495
924 2042
925 157
926 945
927 1979
928 1166
929 1845
930 2110
931 955
932 597
933 1441
934 1907
935 1119
936 321
937 504
938 491
939 2182
940 174
941 335
942 814
943 2409
944 1751
945 1150
946 1425
947 2366
948 900
949 224
950 827
951 1985
952 1810
953 634
954 2455
955 2681
956 34
957 307
958 1298
959 2576
960 2407
961 2601
962 2682
963 1241
964 2485
965 2767
966 894
967 1281
968 2050
969 76
970 1430
971 649
972 1665
973 1682
974 2701
975 2048
976 2699
977 762
978 1488
979 1164
980 1740
981 1070
982 1013
983 2539
984 671
985 609
986 1429
987 2520
988 1110
989 1285
990 1203
991 1251
992 2399
993 2688
994 742
995 74
996 2441
997 833
998 1811
999 718
1000 2746
1001 181
1002 95
1003 1927
1004 2788
1005 2446
1006 2825
1007 966
1008 1324
1009 2697
1010 2787
1011 1096
1012 2226
1013 904
1014 159
1015 2819
1016 87
1017 2488
1018 2387
1019 148
1020 800
1021 362
1022 187
1023 2516
1024 2668
1025 264
1026 1313
1027 2102
1028 2845
1029 2301
1030 186
1031 73
1032 1450
1033 1765
1034 1382
1035 1094
1036 2134
1037 730
1038 2373
1039 636
1040 766
1041 1410
1042 2631
1043 1085
1044 2267
1045 394
1046 131
1047 1672
1048 929
1049 837
1050 13
1051 1734
1052 1206
1053 2800
1054 1036
1055 2739
1056 336
1057 1201
1058 1224
1059 1947
1060 1249
1061 25
1062 1325
1063 570
1064 503
1065 72
1066 469
1067 1919
1068 2258
1069 1028
1070 2339
1071 410
1072 692
1073 2436
1074 1897
1075 2090
1076 1914
1077 2638
1078 2507
1079 925
1080 2757
1081 2600
1082 2381
1083 2331
1084 1520
1085 2637
1086 1332
1087 340
1088 1789
1089 1232
1090 1489
1091 2762
1092 2623
1093 2410
1094 2086
1095 1138
1096 2105
1097 668
1098 1739
1099 1275
1100 689
1101 1019
1102 508
1103 158
1104 1843
1105 2414
1106 496
1107 1181
1108 1565
1109 1993
1110 45
1111 1990
1112 105
1113 383
1114 663
1115 2383
1116 2065
1117 2506
1118 1136
1119 2695
1120 2265
1121 2036
1122 1451
1123 2509
1124 1770
1125 1473
1126 631
1127 2547
1128 256
1129 672
1130 2802
1131 1731
1132 1544
1133 2281
1134 1982
1135 1017
1136 805
1137 893
1138 606
1139 732
1140 558
1141 1890
1142 2107
1143 1958
1144 1245
1145 2761
1146 464
1147 2571
1148 1952
1149 4
1150 2676
1151 759
1152 269
1153 1584
1154 2156
1155 527
1156 2443
1157 1882
1158 2598
1159 675
1160 1031
1161 1418
1162 1548
1163 2420
1164 1582
1165 1086
1166 2158
1167 51
1168 228
1169 751
1170 467
1171 490
1172 2754
1173 2081
1174 553
1175 2263
1176 1568
1177 2608
1178 1490
1179 2872
1180 2123
1181 1155
1182 2009
1183 2560
1184 1023
1185 1626
1186 2212
1187 1557
1188 1442
1189 2272
1190 407
1191 624
1192 847
1193 487
1194 2270
1195 209
1196 1551
1197 1529
1198 1262
1199 474
1200 2548
1201 85
1202 1826
1203 1183
1204 8
1205 785
1206 726
1207 770
1208 93
1209 2144
1210 499
1211 463
1212 2848
1213 1577
1214 797
1215 2544
1216 2047
1217 42
1218 2261
1219 430
1220 2475
1221 1301
1222 1025
1223 1381
1224 116
1225 2709
1226 103
1227 1538
1228 1030
1229 2439
1230 2726
1231 954
1232 1374
1233 271
1234 488
1235 1518
1236 872
1237 2780
1238 1259
1239 1177
1240 223
1241 1191
1242 322
1243 203
1244 2277
1245 1365
1246 2453
1247 298
1248 2515
1249 71
1250 1994
1251 2482
1252 2309
1253 2708
1254 20
1255 607
1256 1605
1257 2029
1258 513
1259 2797
1260 1440
1261 2879
1262 1368
1263 1424
1264 2525
1265 1769
1266 1733
1267 1279
1268 1738
1269 1069
1270 2155
1271 602
1272 1633
1273 2703
1274 2792
1275 1660
1276 1204
1277 2869
1278 2460
1279 1925
1280 1497
1281 287
1282 29
1283 1372
1284 1202
1285 1710
1286 2172
1287 2477
1288 2238
1289 1046
1290 2287
1291 947
1292 578
1293 2012
1294 2167
1295 2619
1296 1039
1297 1230
1298 1474
1299 1389
1300 26
1301 514
1302 2191
1303 435
1304 1583
1305 1742
1306 1339
1307 2577
1308 2014
1309 2
1310 1511
1311 2204
1312 1068
1313 654
1314 1071
1315 2590
1316 1378
1317 923
1318 2698
1319 660
1320 373
1321 532
1322 1915
1323 120
1324 6
1325 1828
1326 219
1327 2085
1328 1385
1329 2864
1330 1673
1331 53
1332 840
1333 2377
1334 371
1335 1595
1336 1141
1337 1725
1338 2634
1339 1636
1340 777
1341 717
1342 1653
1343 2230
1344 2073
1345 1197
1346 1602
1347 911
1348 1256
1349 1133
1350 1764
1351 460
1352 2563
1353 70
1354 1175
1355 2521
1356 1821
1357 2760
1358 1276
1359 967
1360 1694
1361 1348
1362 964
1363 2225
1364 2657
1365 2567
1366 2587
1367 2170
1368 2071
1369 1978
1370 2737
1371 881
1372 165
1373 1657
1374 2824
1375 1507
1376 368
1377 2812
1378 820
1379 567
1380 303
1381 2603
1382 593
1383 320
1384 2275
1385 2353
1386 2231
1387 1624
1388 907
1389 1539
1390 1761
1391 2462
1392 1831
1393 1456
1394 24
1395 2850
1396 905
1397 1998
1398 2734
1399 416
1400 1198
1401 1785
1402 2725
1403 1718
1404 429
1405 801
1406 744
1407 2715
1408 507
1409 2139
1410 1941
1411 231
1412 2240
1413 830
1414 1857
1415 1506
1416 2262
1417 2316
1418 1033
1419 2098
1420 644
1421 1375
1422 1084
1423 1983
1424 1869
1425 709
1426 2669
1427 459
1428 140
1429 1823
1430 772
1431 216
1432 1337
1433 2278
1434 2121
1435 356
1436 1620
1437 1338
1438 2061
1439 32
1440 1026
1441 1515
1442 489
1443 1050
1444 147
1445 1816
1446 2564
1447 1859
1448 2148
1449 2157
1450 996
1451 2354
1452 1127
1453 1493
1454 2345
1455 1115
1456 348
1457 2294
1458 2038
1459 1554
1460 2467
1461 2246
1462 2870
1463 1063
1464 1839
1465 139
1466 1800
1467 1012
1468 809
1469 304
1470 10
1471 1443
1472 168
1473 1720
1474 2615
1475 1132
1476 710
1477 1330
1478 528
1479 2317
1480 2877
1481 2063
1482 1100
1483 1388
1484 2290
1485 439
1486 869
1487 985
1488 2362
1489 1928
1490 764
1491 422
1492 414
1493 542
1494 832
1495 2465
1496 1016
1497 280
1498 1589
1499 976
1500 1003
1501 2333
1502 17
1503 1464
1504 225
1505 255
1506 1176
1507 1116
1508 1830
1509 505
1510 1560
1511 2349
1512 2152
1513 296
1514 2647
1515 1355
1516 1644
1517 917
1518 331
1519 971
1520 1647
1521 295
1522 533
1523 584
1524 2088
1525 2530
1526 2142
1527 2232
1528 1504
1529 1778
1530 596
1531 1341
1532 2418
1533 1401
1534 1379
1535 2636
1536 1461
1537 2023
1538 84
1539 2356
1540 579
1541 1168
1542 1959
1543 989
1544 857
1545 1686
1546 557
1547 627
1548 2115
1549 2661
1550 516
1551 2117
1552 2616
1553 506
1554 318
1555 951
1556 2217
1557 758
1558 577
1559 2174
1560 1567
1561 2448
1562 1217
1563 1901
1564 1471
1565 65
1566 1564
1567 2161
1568 2055
1569 1745
1570 2816
1571 1326
1572 1404
1573 1757
1574 664
1575 2707
1576 1572
1577 2658
1578 2466
1579 2510
1580 1467
1581 549
1582 2214
1583 268
1584 2561
1585 1860
1586 939
1587 2026
1588 2424
1589 351
1590 178
1591 1079
1592 1087
1593 1261
1594 705
1595 2154
1596 1045
1597 1841
1598 1880
1599 588
1600 1149
1601 449
1602 2851
1603 315
1604 1270
1605 683
1606 1159
1607 1987
1608 1209
1609 910
1610 1042
1611 1027
1612 378
1613 1756
1614 401
1615 3
1616 2627
1617 1781
1618 497
1619 267
1620 659
1621 2865
1622 302
1623 720
1624 934
1625 2256
1626 2052
1627 1499
1628 286
1629 36
1630 2687
1631 2165
1632 99
1633 1038
1634 2481
1635 2438
1636 1171
1637 621
1638 1553
1639 1887
1640 1784
1641 640
1642 171
1643 109
1644 1848
1645 1118
1646 1358
1647 2484
1648 1531
1649 194
1650 22
1651 2835
1652 2126
1653 2295
1654 868
1655 2109
1656 946
1657 1470
1658 1893
1659 2518
1660 1398
1661 1639
1662 878
1663 1610
1664 2423
1665 501
1666 150
1667 1596
1668 1192
1669 1864
1670 1877
1671 2847
1672 170
1673 250
1674 873
1675 2285
1676 1563
1677 926
1678 406
1679 880
1680 1416
1681 1253
1682 241
1683 2523
1684 1715
1685 2282
1686 1945
1687 1328
1688 237
1689 890
1690 190
1691 1908
1692 1447
1693 1047
1694 575
1695 1767
1696 2461
1697 266
1698 1581
1699 1066
1700 1077
1701 2347
1702 2416
1703 543
1704 1058
1705 2028
1706 1342
1707 2284
1708 1393
1709 1076
1710 19
1711 2097
1712 2480
1713 1852
1714 791
1715 57
1716 236
1717 703
1718 903
1719 2070
1720 2388
1721 2500
1722 2720
1723 263
1724 2763
1725 562
1726 657
1727 49
1728 1074
1729 2781
1730 565
1731 479
1732 345
1733 1126
1734 1684
1735 2748
1736 1056
1737 1926
1738 792
1739 1411
1740 50
1741 498
1742 1780
1743 2503
1744 2106
1745 725
1746 816
1747 1173
1748 2610
1749 1433
1750 1975
1751 365
1752 1562
1753 426
1754 2056
1755 2786
1756 1879
1757 397
1758 44
1759 796
1760 1936
1761 628
1762 600
1763 477
1764 1500
1765 294
1766 2250
1767 2376
1768 2338
1769 35
1770 750
1771 41
1772 1724
1773 2881
1774 1627
1775 480
1776 1291
1777 1886
1778 848
1779 1228
1780 2685
1781 2820
1782 110
1783 1158
1784 1802
1785 1900
1786 471
1787 64
1788 2818
1789 251
1790 1403
1791 687
1792 2568
1793 2358
1794 1099
1795 1236
1796 2632
1797 2770
1798 2856
1799 2513
1800 563
1801 2803
1802 2473
1803 2370
1804 2704
1805 2372
1806 1537
1807 981
1808 2794
1809 176
1810 242
1811 2791
1812 1091
1813 2292
1814 1555
1815 2579
1816 2729
1817 2641
1818 403
1819 273
1820 1872
1821 1223
1822 79
1823 642
1824 1771
1825 142
1826 2425
1827 1248
1828 1649
1829 1479
1830 1305
1831 418
1832 114
1833 2359
1834 77
1835 706
1836 1630
1837 684
1838 2064
1839 395
1840 1315
1841 1336
1842 2517
1843 1736
1844 442
1845 102
1846 2458
1847 2390
1848 1903
1849 1109
1850 1953
1851 1717
1852 2553
1853 535
1854 2711
1855 576
1856 1293
1857 842
1858 2551
1859 2733
1860 2336
1861 1934
1862 235
1863 819
1864 2183
1865 2694
1866 1117
1867 589
1868 2663
1869 1965
1870 1746
1871 2434
1872 909
1873 534
1874 2834
1875 1395
1876 2224
1877 485
1878 572
1879 409
1880 727
1881 2141
1882 2325
1883 897
1884 46
1885 2512
1886 595
1887 938
1888 1390
1889 2344
1890 1865
1891 1844
1892 2831
1893 1753
1894 1286
1895 92
1896 864
1897 1422
1898 2478
1899 1741
1900 440
1901 333
1902 1912
1903 1135
1904 2171
1905 1692
1906 913
1907 1762
1908 2264
1909 889
1910 612
1911 1916
1912 2124
1913 2044
1914 1296
1915 59
1916 108
1917 2540
1918 18
1919 2002
1920 1263
1921 1469
1922 983
1923 813
1924 2297
1925 388
1926 2027
1927 1465
1928 1938
1929 1706
1930 783
1931 1558
1932 794
1933 2840
1934 2747
1935 1617
1936 1309
1937 1154
1938 2252
1939 2379
1940 834
1941 552
1942 1439
1943 1550
1944 2778
1945 630
1946 1578
1947 2469
1948 836
1949 902
1950 2280
1951 2489
1952 2670
1953 1698
1954 1612
1955 2728
1956 1527
1957 1383
1958 1884
1959 887
1960 778
1961 1937
1962 399
1963 134
1964 1255
1965 1495
1966 2283
1967 1273
1968 922
1969 2724
1970 729
1971 2114
1972 258
1973 2046
1974 1942
1975 747
1976 1954
1977 2113
1978 940
1979 1878
1980 763
1981 347
1982 68
1983 1974
1984 1663
1985 1714
1986 97
1987 2140
1988 817
1989 858
1990 2185
1991 882
1992 972
1993 2427
1994 2206
1995 583
1996 458
1997 2307
1998 1956
1999 1571
2000 91
2001 2421
2002 693
2003 1832
2004 1950
2005 437
2006 1534
2007 1766
2008 484
2009 1526
2010 9
2011 230
2012 2686
2013 222
2014 1406
2015 1594
2016 1449
2017 2227
2018 2203
2019 2839
2020 2606
2021 2793
2022 107
2023 1812
2024 1219
2025 1007
2026 1436
2027 824
2028 2732
2029 1862
2030 1743
2031 2415
2032 658
2033 277
2034 1463
2035 67
2036 2776
2037 1533
2038 829
2039 865
2040 908
2041 1153
2042 7
2043 2095
2044 1415
2045 2195
2046 1696
2047 1788
2048 1528
2049 2080
2050 2276
2051 226
2052 341
2053 23
2054 2237
2055 1933
2056 317
2057 1713
2058 123
2059 2783
2060 2391
2061 1145
2062 2335
2063 2531
2064 2193
2065 2437
2066 1137
2067 1943
2068 1522
2069 2821
2070 1148
2071 404
2072 2574
2073 2147
2074 956
2075 2581
2076 2043
2077 476
2078 1505
2079 601
2080 536
2081 195
2082 1501
2083 1211
2084 1322
2085 787
2086 468
2087 141
2088 332
2089 1018
2090 1519
2091 2322
2092 244
2093 1438
2094 1885
2095 329
2096 1392
2097 611
2098 1730
2099 1052
2100 1586
2101 1207
2102 1420
2103 2432
2104 21
2105 921
2106 1963
2107 1041
2108 551
2109 2321
2110 2241
2111 948
2112 1961
2113 1199
2114 2774
2115 2617
2116 375
2117 843
2118 245
2119 352
2120 835
2121 2752
2122 2190
2123 2378
2124 1319
2125 1547
2126 200
2127 1634
2128 1813
2129 2291
2130 669
2131 838
2132 359
2133 2612
2134 680
2135 2016
2136 518
2137 1369
2138 1700
2139 293
2140 1615
2141 1798
2142 1645
2143 2858
2144 2679
2145 1295
2146 118
2147 1496
2148 1822
2149 2394
2150 323
2151 2483
2152 581
2153 2569
2154 1257
2155 615
2156 1434
2157 1748
2158 2843
2159 1169
2160 2205
2161 319
2162 825
2163 738
2164 1423
2165 100
2166 1265
2167 1212
2168 2094
2169 2871
2170 1349
2171 2457
2172 2710
2173 806
2174 2785
2175 2817
2176 2673
2177 411
2178 66
2179 470
2180 1234
2181 927
2182 1067
2183 2314
2184 639
2185 1222
2186 408
2187 1532
2188 1432
2189 620
2190 959
2191 2599
2192 1472
2193 1559
2194 290
2195 1631
2196 2260
2197 1213
2198 431
2199 2779
2200 2749
2201 721
2202 884
2203 1667
2204 82
2205 1850
2206 370
2207 0
2208 1242
2209 2472
2210 2680
2211 1468
2212 556
2213 2013
2214 101
2215 2332
2216 799
2217 1485
2218 1755
2219 1913
2220 896
2221 1524
2222 1417
2223 2041
2224 405
2225 1654
2226 2153
2227 1608
2228 1704
2229 2723
2230 2607
2231 284
2232 826
2233 39
2234 1768
2235 1022
2236 1480
2237 2219
2238 605
2239 2346
2240 912
2241 2196
2242 1651
2243 1972
2244 545
2245 2454
2246 1314
2247 1576
2248 980
2249 193
2250 184
2251 1035
2252 400
2253 1448
2254 473
2255 2129
2256 291
2257 2138
2258 651
2259 1491
2260 2305
2261 2536
2262 2799
2263 1732
2264 1677
2265 309
2266 502
2267 635
2268 1599
2269 1387
2270 2744
2271 1863
2272 1484
2273 1097
2274 204
2275 2833
2276 145
2277 1949
2278 278
2279 1107
2280 124
2281 2700
2282 1968
2283 1095
2284 845
2285 1037
2286 137
2287 2053
2288 2350
2289 1083
2290 1835
2291 1397
2292 931
2293 932
2294 1290
2295 2742
2296 1335
2297 1510
2298 1675
2299 1971
2300 991
2301 1597
2302 52
2303 2649
2304 2021
2305 573
2306 1939
2307 2499
2308 1814
2309 2104
2310 1898
2311 1405
2312 2463
2313 2691
2314 5
2315 969
2316 2360
2317 2396
2318 1796
2319 1266
2320 850
2321 2199
2322 741
2323 2580
2324 421
2325 2519
2326 369
2327 461
2328 1992
2329 1160
2330 2149
2331 133
2332 2804
2333 613
2334 559
2335 1797
2336 1053
2337 2527
2338 822
2339 239
2340 272
2341 162
2342 2234
2343 566
2344 2010
2345 2216
2346 782
2347 2075
2348 191
2349 2693
2350 387
2351 960
2352 950
2353 625
2354 2131
2355 289
2356 1712
2357 2405
2358 885
2359 2192
2360 2118
2361 2642
2362 2229
2363 249
2364 2166
2365 2302
2366 1566
2367 2620
2368 495
2369 2496
2370 2119
2371 2243
2372 626
2373 106
2374 2371
2375 441
2376 311
2377 979
2378 419
2379 2444
2380 2011
2381 2805
2382 2269
2383 243
2384 781
2385 2471
2386 1010
2387 949
2388 61
2389 930
2390 1105
2391 1057
2392 1638
2393 1819
2394 1394
2395 1318
2396 1924
2397 807
2398 977
2399 2705
2400 346
2401 454
2402 1055
2403 1287
2404 1400
2405 2591
2406 2288
2407 2198
2408 1009
2409 364
2410 2385
2411 2072
2412 88
2413 2245
2414 1825
2415 386
2416 2842
2417 1428
2418 55
2419 1225
2420 2392
2421 1817
2422 1573
2423 2235
2424 937
2425 2132
2426 425
2427 2004
2428 28
2429 1478
2430 846
2431 2150
2432 1182
2433 1161
2434 515
2435 420
2436 1729
2437 2665
2438 953
2439 270
2440 1690
2441 217
2442 952
2443 2541
2444 2868
2445 711
2446 1216
2447 968
2448 568
2449 1297
2450 961
2451 1794
2452 1386
2453 2398
2454 853
2455 2308
2456 715
2457 2759
2458 175
2459 755
2460 2143
2461 377
2462 1920
2463 104
2464 2181
2465 901
2466 852
2467 617
2468 2735
2469 1792
2470 2306
2471 667
2472 2401
2473 1142
2474 678
2475 774
2476 40
2477 452
2478 702
2479 1329
2480 1172
2481 1536
2482 1361
2483 1535
2484 1093
2485 1670
2486 598
2487 2456
2488 163
2489 892
2490 1377
2491 2557
2492 2078
2493 1735
2494 339
2495 2342
2496 63
2497 1904
2498 1854
2499 550
2500 2429
2501 2179
2502 2218
2503 1808
2504 2340
2505 56
2506 1080
2507 349
2508 1044
2509 202
2510 1509
2511 2268
2512 1180
2513 1088
2514 2645
2515 2738
2516 1512
2517 310
2518 2040
2519 798
2520 2445
2521 1891
2522 2796
2523 1683
2524 1065
2525 2526
2526 392
2527 1776
2528 670
2529 1006
2530 641
2531 2677
2532 2549
2533 1931
2534 2655
2535 548
2536 1108
2537 1656
2538 1360
2539 262
2540 2175
2541 879
2542 172
2543 316
2544 1492
2545 2764
2546 876
2547 1962
2548 560
2549 500
2550 1008
2551 1215
2552 1619
2553 1801
2554 1194
2555 2629
2556 2545
2557 2532
2558 1246
2559 998
2560 483
2561 2202
2562 275
2563 2660
2564 1344
2565 149
2566 1995
2567 206
2568 1681
2569 1818
2570 2479
2571 2537
2572 860
2573 608
2574 1454
2575 305
2576 1689
2577 445
2578 2074
2579 1861
2580 350
2581 2731
2582 2412
2583 1354
2584 754
2585 1892
2586 1282
2587 2087
2588 2814
2589 743
2590 2066
2591 1220
2592 2137
2593 802
2594 2582
2595 428
2596 2145
2597 895
2598 153
2599 2602
2600 2242
2601 1723
2602 161
2603 1494
2604 1092
2605 780
2606 2188
2607 708
2608 2505
2609 1889
2610 1396
2611 965
2612 1744
2613 582
2614 2266
2615 196
2616 363
2617 382
2618 993
2619 462
2620 1121
2621 1458
2622 292
2623 1487
2624 761
2625 1658
2626 1580
2627 199
2628 586
2629 179
2630 1909
2631 1370
2632 2765
2633 537
2634 1437
2635 434
2636 381
2637 1331
2638 2717
2639 433
2640 1680
2641 81
2642 604
2643 2320
2644 724
2645 2103
2646 338
2647 1866
2648 2447
2649 129
2650 2859
2651 2298
2652 1195
2653 1590
2654 1179
2655 2365
2656 1632
2657 2640
2658 1304
2659 374
2660 1758
2661 43
2662 2059
2663 2611
2664 220
2665 2675
2666 2253
2667 673
2668 465
2669 238
2670 2727
2671 510
2672 247
2673 1855
2674 2768
2675 1703
2676 1446
2677 1984
2678 2178
2679 1409
2680 1240
2681 914
2682 2511
2683 1267
2684 2213
2685 1542
2686 2808
2687 1299
2688 2451
2689 2315
2690 2233
2691 1517
2692 1587
2693 2035
2694 851
2695 1849
2696 2750
2697 213
2698 2413
2699 844
2700 1327
2701 1235
2702 1948
2703 594
2704 112
2705 385
2706 393
2707 2201
2708 447
2709 2249
2710 1609
2711 1316
2712 1174
2713 1
2714 2782
2715 704
2716 2025
2717 2084
2718 173
2719 494
2720 906
2721 1600
2722 1873
2723 1157
2724 60
2725 1607
2726 86
2727 522
2728 169
2729 695
2730 1000
2731 1163
2732 1918
2733 197
2734 525
2735 2019
2736 1671
2737 1503
2738 180
2739 2769
2740 2718
2741 2248
2742 2823
2743 1870
2744 619
2745 451
2746 1905
2747 2534
2748 768
2749 1356
2750 958
2751 260
2752 541
2753 1752
2754 2001
2755 1367
2756 1618
2757 571
2758 443
2759 31
2760 511
2761 1966
2762 2125
2763 643
2764 417
2765 2706
2766 2093
2767 712
2768 257
2769 2846
2770 155
2771 714
2772 2348
2773 1545
2774 2168
2775 1239
2776 2397
2777 1687
2778 888
2779 2384
2780 2801
2781 2068
2782 1613
2783 1902
2784 788
2785 1252
2786 119
2787 722
2788 376
2789 1186
2790 2440
2791 1530
2792 2255
2793 517
2794 746
2795 2304
2796 2034
2797 1820
2798 355
2799 2127
2800 2712
2801 1014
2802 1906
2803 1803
2804 281
2805 2882
2806 427
2807 2337
2808 2186
2809 2491
2810 1306
2811 2572
2812 455
2813 326
2814 2326
2815 866
2816 2651
2817 915
2818 691
2819 1482
2820 988
2821 862
2822 2862
2823 2334
2824 98
2825 1895
2826 1840
2827 886
2828 723
2829 229
2830 728
2831 2005
2832 1089
2833 2702
2834 492
2835 2635
2836 2045
2837 282
2838 121
2839 1955
2840 666
2841 1302
2842 2829
2843 1991
2844 354
2845 327
2846 2257
2847 992
2848 2369
2849 324
2850 2164
2851 1421
2852 539
2853 2815
2854 2470
2855 736
2856 531
2857 1151
2858 650
2859 1525
2860 1268
2861 1951
2862 1772
2863 1112
2864 898
2865 1540
2866 1444
2867 2210
2868 648
2869 1668
2870 2215
2871 2613
2872 2830
2873 2671
2874 1837
2875 2826
2876 599
2877 1264
2878 240
2879 773
2880 1184
2881 2228
2882 1749
