1515 1
2 10
7 10
17 10
18 10
19 10
21 10
23 10
24 10
27 10
29 10
30 10
32 10
40 10
43 10
46 10
49 10
57 10
58 10
60 10
77 10
78 10
83 10
92 10
93 10
96 10
100 10
102 10
109 10
111 10
115 10
134 10
136 10
138 10
140 10
141 10
144 10
146 10
147 10
152 10
162 10
165 10
166 10
173 10
195 10
200 10
204 10
208 10
224 10
231 10
235 10
237 10
241 10
251 10
260 10
269 10
290 10
291 10
292 10
296 10
297 10
299 10
306 10
315 10
320 10
322 10
333 10
337 10
348 10
359 10
363 10
364 10
370 10
383 10
384 10
392 10
393 10
394 10
395 10
401 10
409 10
411 10
413 10
416 10
421 10
424 10
430 10
433 10
439 10
441 10
445 10
453 10
456 10
481 10
482 10
483 10
484 10
491 10
500 10
501 10
506 10
508 10
519 10
532 10
534 10
550 10
553 10
563 10
568 10
571 10
574 10
577 10
586 10
592 10
596 10
621 10
627 10
629 10
636 10
642 10
643 10
645 10
656 10
659 10
672 10
673 10
695 10
697 10
728 10
740 10
742 10
743 10
745 10
749 10
751 10
753 10
755 10
757 10
763 10
764 10
776 10
780 10
782 10
792 10
797 10
801 10
807 10
810 10
834 10
835 10
839 10
840 10
847 10
848 10
853 10
854 10
856 10
861 10
868 10
871 10
877 10
882 10
885 10
898 10
901 10
907 10
910 10
912 10
918 10
925 10
939 10
950 10
952 10
954 10
962 10
965 10
971 10
978 10
992 10
995 10
996 10
1007 10
1010 10
1012 10
1015 10
1016 10
1017 10
1034 10
1035 10
1037 10
1040 10
1047 10
1057 10
1058 10
1059 10
1061 10
1066 10
1075 10
1084 10
1087 10
1098 10
1099 10
1107 10
1123 10
1126 10
1128 10
1133 10
1136 10
1139 10
1147 10
1148 10
1158 10
1165 10
1168 10
1174 10
1175 10
1181 10
1183 10
1187 10
1189 10
1196 10
1201 10
1204 10
1208 10
1233 10
1235 10
1252 10
1257 10
1266 10
1277 10
1278 10
1281 10
1285 10
1287 10
1293 10
1302 10
1321 10
1325 10
1333 10
1335 10
1354 10
1360 10
1362 10
1380 10
1382 10
1406 10
1409 10
1426 10
1432 10
1433 10
1437 10
1438 10
1441 10
1445 10
1455 10
1457 10
1467 10
1468 10
1471 10
1474 10
1476 10
1481 10
1482 10
1485 10
1488 10
1489 10
1492 10
1509 10
1520 10
1525 10
1528 10
1529 10
1530 10
1531 10
1536 10
1546 10
1563 10
1578 10
1583 10
1592 10
1597 10
1599 10
1601 10
1604 10
1617 10
1622 10
1623 10
1632 10
1637 10
1640 10
1643 10
1649 10
1650 10
1665 10
1666 10
1694 10
1699 10
1700 10
1705 10
1706 10
1714 10
1716 10
1719 10
1720 10
1724 10
1729 10
1730 10
1734 10
1735 10
1743 10
1745 10
1751 10
1762 10
1768 10
1770 10
1775 10
1793 10
1797 10
1804 10
1806 10
1809 10
1825 10
1827 10
1830 10
1832 10
1835 10
1849 10
1855 10
1865 10
1875 10
1877 10
1880 10
1881 10
1884 10
1890 10
1891 10
1894 10
1895 10
1899 10
1905 10
1906 10
1929 10
1936 10
1942 10
1944 10
1953 10
1970 10
1976 10
1979 10
1988 10
1995 10
2003 10
2007 10
2011 10
2012 10
2019 10
2020 10
2031 10
2032 10
2034 10
2041 10
2044 10
2045 10
2054 10
2076 10
2082 10
2085 10
2088 10
2089 10
2096 10
2099 10
2100 10
2103 10
2105 10
2106 10
2123 10
2132 10
2133 10
2136 10
2146 10
2149 10
2150 10
2151 10
2155 10
2159 10
2163 10
2165 10
2166 10
2168 10
2186 10
2189 10
2193 10
2205 10
2207 10
2212 10
2213 10
2215 10
2226 10
2228 10
2230 10
2233 10
2242 10
2250 10
2256 10
2258 10
2278 10
2279 10
2289 10
2297 10
2303 10
2306 10
2307 10
2312 10
2314 10
2316 10
2317 10
2321 10
2326 10
2328 10
2340 10
2341 10
2357 10
2372 10
2386 10
2392 10
2394 10
2404 10
2406 10
2411 10
2420 10
2436 10
2450 10
2454 10
2456 10
2457 10
2468 10
2477 10
2486 10
2488 10
2496 10
2497 10
2499 10
2500 10
2515 10
2516 10
2518 10
2524 10
2525 10
2537 10
2539 10
2549 10
2552 10
2571 10
2578 10
2581 10
2582 10
2585 10
2587 10
2590 10
2592 10
2598 10
2601 10
2605 10
2617 10
2629 10
2634 10
2636 10
2641 10
2663 10
2670 10
2674 10
2681 10
2684 10
2691 10
2707 10
2708 10
2709 10
2718 10
2723 10
2724 10
2738 10
2743 10
2746 10
2749 10
2751 10
2771 10
2772 10
2775 10
2776 10
2780 10
2783 10
2786 10
2789 10
2791 10
2797 10
2799 10
2801 10
2809 10
2812 10
2815 10
2825 10
2826 10
2827 10
2832 10
2838 10
2839 10
2845 10
2846 10
2849 10
2858 10
2859 10
2870 10
2875 10
0 11
8 11
9 11
11 11
12 11
13 11
14 11
22 11
25 11
26 11
31 11
33 11
39 11
41 11
48 11
50 11
53 11
65 11
67 11
69 11
70 11
71 11
79 11
81 11
87 11
95 11
98 11
105 11
110 11
113 11
116 11
120 11
123 11
125 11
129 11
130 11
133 11
137 11
143 11
148 11
149 11
150 11
155 11
156 11
158 11
167 11
168 11
169 11
170 11
171 11
174 11
175 11
182 11
183 11
184 11
186 11
187 11
189 11
191 11
192 11
196 11
198 11
199 11
201 11
202 11
206 11
211 11
212 11
213 11
215 11
217 11
219 11
221 11
222 11
225 11
228 11
229 11
233 11
238 11
242 11
244 11
246 11
247 11
248 11
249 11
252 11
253 11
254 11
256 11
257 11
259 11
261 11
263 11
265 11
267 11
271 11
272 11
273 11
275 11
276 11
278 11
279 11
281 11
282 11
283 11
287 11
293 11
294 11
298 11
301 11
304 11
307 11
308 11
310 11
311 11
312 11
314 11
316 11
318 11
319 11
323 11
324 11
326 11
328 11
330 11
331 11
334 11
336 11
338 11
341 11
344 11
345 11
347 11
352 11
355 11
356 11
360 11
361 11
365 11
367 11
368 11
369 11
371 11
372 11
373 11
375 11
377 11
379 11
385 11
388 11
390 11
396 11
398 11
399 11
400 11
402 11
404 11
406 11
414 11
415 11
420 11
423 11
429 11
432 11
434 11
435 11
438 11
440 11
442 11
444 11
447 11
448 11
451 11
452 11
457 11
458 11
459 11
464 11
467 11
468 11
470 11
474 11
476 11
487 11
495 11
496 11
499 11
503 11
504 11
505 11
513 11
525 11
526 11
528 11
529 11
530 11
536 11
537 11
539 11
543 11
545 11
546 11
547 11
551 11
555 11
557 11
558 11
559 11
560 11
561 11
567 11
572 11
576 11
578 11
579 11
584 11
588 11
589 11
590 11
593 11
595 11
597 11
598 11
600 11
607 11
608 11
609 11
611 11
614 11
618 11
624 11
630 11
632 11
635 11
638 11
639 11
649 11
650 11
651 11
653 11
657 11
658 11
663 11
664 11
666 11
670 11
674 11
675 11
676 11
679 11
680 11
681 11
683 11
685 11
690 11
691 11
692 11
693 11
696 11
699 11
703 11
705 11
706 11
708 11
718 11
722 11
724 11
725 11
727 11
729 11
731 11
736 11
739 11
756 11
758 11
759 11
761 11
762 11
765 11
769 11
770 11
771 11
774 11
784 11
788 11
789 11
790 11
791 11
796 11
799 11
802 11
803 11
804 11
806 11
808 11
813 11
815 11
818 11
821 11
828 11
829 11
830 11
831 11
836 11
838 11
841 11
845 11
846 11
849 11
850 11
851 11
852 11
862 11
863 11
866 11
869 11
872 11
874 11
881 11
883 11
884 11
887 11
889 11
890 11
891 11
892 11
893 11
894 11
897 11
899 11
900 11
904 11
906 11
909 11
913 11
919 11
921 11
922 11
923 11
928 11
931 11
934 11
936 11
937 11
941 11
943 11
944 11
945 11
948 11
949 11
953 11
956 11
958 11
959 11
960 11
961 11
963 11
964 11
967 11
968 11
969 11
970 11
973 11
974 11
981 11
982 11
989 11
990 11
991 11
993 11
994 11
998 11
999 11
1001 11
1002 11
1009 11
1013 11
1014 11
1018 11
1019 11
1026 11
1028 11
1029 11
1032 11
1033 11
1038 11
1042 11
1046 11
1050 11
1055 11
1063 11
1067 11
1069 11
1071 11
1076 11
1077 11
1078 11
1079 11
1080 11
1081 11
1082 11
1083 11
1086 11
1089 11
1090 11
1092 11
1094 11
1096 11
1097 11
1101 11
1102 11
1104 11
1105 11
1106 11
1109 11
1110 11
1112 11
1114 11
1115 11
1116 11
1124 11
1125 11
1127 11
1129 11
1130 11
1132 11
1135 11
1137 11
1138 11
1144 11
1146 11
1150 11
1153 11
1157 11
1160 11
1162 11
1163 11
1164 11
1169 11
1170 11
1171 11
1172 11
1182 11
1184 11
1188 11
1190 11
1191 11
1193 11
1194 11
1195 11
1197 11
1203 11
1209 11
1210 11
1211 11
1212 11
1215 11
1219 11
1224 11
1225 11
1226 11
1228 11
1230 11
1232 11
1237 11
1240 11
1241 11
1243 11
1248 11
1250 11
1253 11
1254 11
1256 11
1259 11
1260 11
1263 11
1264 11
1267 11
1268 11
1274 11
1280 11
1286 11
1292 11
1295 11
1296 11
1301 11
1305 11
1306 11
1307 11
1309 11
1310 11
1312 11
1316 11
1317 11
1324 11
1326 11
1327 11
1328 11
1332 11
1336 11
1337 11
1340 11
1341 11
1342 11
1343 11
1345 11
1349 11
1351 11
1355 11
1359 11
1366 11
1369 11
1372 11
1375 11
1379 11
1383 11
1385 11
1395 11
1396 11
1403 11
1408 11
1410 11
1412 11
1415 11
1417 11
1419 11
1422 11
1423 11
1424 11
1434 11
1436 11
1439 11
1440 11
1442 11
1444 11
1447 11
1456 11
1458 11
1462 11
1473 11
1480 11
1483 11
1486 11
1495 11
1498 11
1499 11
1508 11
1510 11
1516 11
1517 11
1521 11
1532 11
1535 11
1538 11
1541 11
1545 11
1547 11
1548 11
1549 11
1551 11
1558 11
1559 11
1561 11
1567 11
1568 11
1569 11
1571 11
1572 11
1576 11
1577 11
1581 11
1585 11
1586 11
1588 11
1589 11
1591 11
1593 11
1594 11
1607 11
1612 11
1618 11
1621 11
1624 11
1626 11
1627 11
1633 11
1636 11
1639 11
1642 11
1645 11
1647 11
1652 11
1653 11
1654 11
1656 11
1657 11
1659 11
1660 11
1661 11
1662 11
1663 11
1664 11
1668 11
1671 11
1672 11
1674 11
1676 11
1677 11
1678 11
1684 11
1688 11
1689 11
1691 11
1701 11
1702 11
1703 11
1704 11
1709 11
1715 11
1722 11
1723 11
1725 11
1726 11
1731 11
1733 11
1739 11
1742 11
1744 11
1749 11
1752 11
1756 11
1758 11
1761 11
1764 11
1765 11
1766 11
1767 11
1771 11
1774 11
1778 11
1782 11
1785 11
1786 11
1787 11
1788 11
1792 11
1796 11
1799 11
1800 11
1807 11
1808 11
1813 11
1817 11
1819 11
1821 11
1822 11
1823 11
1826 11
1829 11
1833 11
1834 11
1836 11
1837 11
1838 11
1840 11
1841 11
1842 11
1844 11
1845 11
1847 11
1848 11
1850 11
1851 11
1854 11
1858 11
1860 11
1861 11
1862 11
1864 11
1869 11
1878 11
1879 11
1882 11
1885 11
1886 11
1887 11
1888 11
1892 11
1893 11
1900 11
1901 11
1907 11
1909 11
1910 11
1913 11
1919 11
1921 11
1924 11
1926 11
1928 11
1932 11
1933 11
1934 11
1938 11
1939 11
1941 11
1948 11
1950 11
1952 11
1954 11
1957 11
1958 11
1964 11
1965 11
1967 11
1969 11
1980 11
1982 11
1985 11
1991 11
1993 11
2004 11
2008 11
2009 11
2013 11
2014 11
2017 11
2018 11
2023 11
2038 11
2039 11
2046 11
2049 11
2050 11
2055 11
2056 11
2057 11
2060 11
2061 11
2063 11
2064 11
2066 11
2067 11
2068 11
2071 11
2077 11
2078 11
2080 11
2081 11
2083 11
2084 11
2090 11
2091 11
2097 11
2102 11
2104 11
2109 11
2112 11
2116 11
2118 11
2122 11
2124 11
2125 11
2129 11
2131 11
2135 11
2140 11
2142 11
2145 11
2152 11
2156 11
2157 11
2162 11
2167 11
2169 11
2172 11
2173 11
2175 11
2177 11
2178 11
2181 11
2183 11
2185 11
2187 11
2190 11
2194 11
2196 11
2197 11
2200 11
2203 11
2204 11
2209 11
2214 11
2216 11
2222 11
2234 11
2236 11
2239 11
2243 11
2244 11
2245 11
2246 11
2251 11
2253 11
2254 11
2255 11
2257 11
2260 11
2261 11
2262 11
2265 11
2267 11
2268 11
2269 11
2274 11
2275 11
2277 11
2285 11
2286 11
2290 11
2292 11
2295 11
2299 11
2302 11
2304 11
2308 11
2309 11
2310 11
2311 11
2313 11
2315 11
2323 11
2329 11
2331 11
2333 11
2337 11
2338 11
2342 11
2343 11
2344 11
2346 11
2358 11
2359 11
2363 11
2365 11
2371 11
2373 11
2379 11
2380 11
2382 11
2384 11
2385 11
2388 11
2391 11
2393 11
2397 11
2398 11
2401 11
2405 11
2407 11
2408 11
2409 11
2412 11
2419 11
2423 11
2424 11
2427 11
2429 11
2430 11
2432 11
2435 11
2440 11
2441 11
2444 11
2445 11
2446 11
2449 11
2452 11
2455 11
2458 11
2459 11
2460 11
2463 11
2464 11
2465 11
2471 11
2474 11
2479 11
2484 11
2489 11
2490 11
2494 11
2495 11
2501 11
2502 11
2503 11
2504 11
2506 11
2507 11
2509 11
2510 11
2513 11
2522 11
2526 11
2527 11
2528 11
2531 11
2533 11
2534 11
2536 11
2540 11
2542 11
2544 11
2545 11
2546 11
2551 11
2553 11
2556 11
2558 11
2559 11
2562 11
2564 11
2565 11
2567 11
2569 11
2570 11
2580 11
2586 11
2591 11
2593 11
2596 11
2597 11
2602 11
2607 11
2610 11
2611 11
2613 11
2614 11
2616 11
2621 11
2623 11
2624 11
2626 11
2627 11
2632 11
2633 11
2635 11
2640 11
2643 11
2644 11
2645 11
2648 11
2649 11
2653 11
2655 11
2656 11
2661 11
2667 11
2668 11
2672 11
2673 11
2677 11
2678 11
2680 11
2683 11
2687 11
2688 11
2692 11
2700 11
2701 11
2704 11
2705 11
2706 11
2715 11
2717 11
2719 11
2721 11
2722 11
2726 11
2729 11
2734 11
2736 11
2742 11
2744 11
2747 11
2756 11
2757 11
2758 11
2764 11
2769 11
2774 11
2779 11
2781 11
2782 11
2793 11
2796 11
2800 11
2803 11
2806 11
2808 11
2811 11
2814 11
2818 11
2821 11
2823 11
2828 11
2833 11
2836 11
2837 11
2841 11
2842 11
2844 11
2850 11
2851 11
2855 11
2857 11
2861 11
2865 11
2866 11
2868 11
2872 11
2873 11
2876 11
2878 11
2880 11
1 12
3 12
5 12
20 12
34 12
36 12
37 12
42 12
44 12
47 12
51 12
52 12
54 12
55 12
56 12
62 12
64 12
66 12
74 12
75 12
82 12
85 12
88 12
90 12
97 12
99 12
103 12
104 12
106 12
108 12
112 12
114 12
117 12
119 12
124 12
126 12
128 12
131 12
132 12
139 12
151 12
153 12
154 12
157 12
160 12
163 12
172 12
176 12
177 12
178 12
179 12
180 12
181 12
185 12
188 12
193 12
194 12
197 12
203 12
207 12
209 12
216 12
223 12
226 12
227 12
232 12
234 12
236 12
239 12
245 12
258 12
262 12
266 12
274 12
280 12
288 12
300 12
305 12
313 12
321 12
327 12
332 12
339 12
357 12
358 12
362 12
366 12
374 12
378 12
382 12
386 12
387 12
389 12
403 12
405 12
407 12
408 12
410 12
417 12
419 12
422 12
425 12
426 12
427 12
428 12
431 12
443 12
446 12
449 12
454 12
455 12
465 12
466 12
469 12
473 12
475 12
478 12
479 12
485 12
489 12
492 12
493 12
494 12
497 12
502 12
510 12
512 12
515 12
518 12
520 12
522 12
523 12
524 12
533 12
538 12
541 12
544 12
549 12
552 12
554 12
556 12
562 12
564 12
569 12
570 12
573 12
575 12
581 12
583 12
585 12
587 12
591 12
599 12
601 12
602 12
603 12
605 12
610 12
613 12
615 12
616 12
619 12
620 12
622 12
623 12
625 12
628 12
633 12
634 12
637 12
640 12
641 12
644 12
646 12
647 12
648 12
654 12
655 12
660 12
661 12
662 12
665 12
667 12
668 12
669 12
671 12
678 12
682 12
684 12
688 12
689 12
701 12
707 12
712 12
717 12
720 12
721 12
723 12
726 12
730 12
732 12
733 12
735 12
737 12
738 12
741 12
744 12
746 12
747 12
750 12
752 12
754 12
760 12
766 12
773 12
781 12
783 12
786 12
787 12
798 12
805 12
809 12
811 12
812 12
814 12
819 12
820 12
826 12
827 12
832 12
837 12
842 12
844 12
855 12
858 12
859 12
860 12
864 12
867 12
870 12
873 12
888 12
908 12
911 12
915 12
917 12
920 12
924 12
926 12
927 12
930 12
935 12
940 12
947 12
955 12
957 12
966 12
972 12
975 12
977 12
983 12
986 12
987 12
988 12
997 12
1000 12
1003 12
1005 12
1008 12
1020 12
1021 12
1022 12
1023 12
1039 12
1041 12
1043 12
1044 12
1045 12
1048 12
1049 12
1052 12
1053 12
1054 12
1056 12
1060 12
1062 12
1064 12
1065 12
1070 12
1072 12
1074 12
1085 12
1088 12
1091 12
1095 12
1103 12
1108 12
1117 12
1121 12
1122 12
1134 12
1140 12
1141 12
1143 12
1151 12
1152 12
1155 12
1166 12
1173 12
1176 12
1178 12
1179 12
1186 12
1192 12
1198 12
1199 12
1200 12
1205 12
1206 12
1214 12
1216 12
1217 12
1218 12
1223 12
1231 12
1236 12
1238 12
1239 12
1244 12
1246 12
1249 12
1255 12
1258 12
1261 12
1262 12
1265 12
1269 12
1270 12
1272 12
1273 12
1276 12
1283 12
1284 12
1288 12
1290 12
1291 12
1294 12
1297 12
1300 12
1313 12
1314 12
1315 12
1318 12
1319 12
1323 12
1329 12
1330 12
1331 12
1334 12
1338 12
1344 12
1346 12
1348 12
1350 12
1352 12
1353 12
1356 12
1358 12
1361 12
1363 12
1367 12
1368 12
1371 12
1373 12
1374 12
1376 12
1378 12
1381 12
1384 12
1386 12
1387 12
1388 12
1389 12
1390 12
1391 12
1392 12
1393 12
1397 12
1398 12
1399 12
1400 12
1401 12
1402 12
1405 12
1407 12
1411 12
1413 12
1414 12
1416 12
1418 12
1420 12
1421 12
1430 12
1431 12
1443 12
1450 12
1451 12
1453 12
1459 12
1460 12
1461 12
1463 12
1464 12
1465 12
1470 12
1472 12
1475 12
1477 12
1478 12
1479 12
1484 12
1487 12
1490 12
1494 12
1496 12
1497 12
1500 12
1501 12
1502 12
1504 12
1506 12
1507 12
1511 12
1512 12
1513 12
1514 12
1518 12
1522 12
1524 12
1526 12
1527 12
1533 12
1534 12
1537 12
1539 12
1540 12
1542 12
1552 12
1553 12
1557 12
1565 12
1570 12
1574 12
1575 12
1579 12
1580 12
1582 12
1584 12
1598 12
1603 12
1606 12
1608 12
1609 12
1610 12
1611 12
1614 12
1625 12
1628 12
1629 12
1631 12
1634 12
1638 12
1646 12
1648 12
1655 12
1669 12
1670 12
1673 12
1679 12
1680 12
1682 12
1685 12
1686 12
1690 12
1692 12
1695 12
1696 12
1698 12
1708 12
1710 12
1711 12
1712 12
1713 12
1717 12
1718 12
1721 12
1732 12
1736 12
1738 12
1741 12
1747 12
1750 12
1753 12
1754 12
1755 12
1757 12
1759 12
1769 12
1772 12
1773 12
1776 12
1779 12
1780 12
1789 12
1790 12
1798 12
1801 12
1802 12
1803 12
1805 12
1811 12
1812 12
1814 12
1816 12
1818 12
1820 12
1824 12
1828 12
1831 12
1846 12
1852 12
1853 12
1856 12
1867 12
1868 12
1871 12
1873 12
1874 12
1883 12
1889 12
1896 12
1897 12
1902 12
1903 12
1904 12
1908 12
1911 12
1912 12
1915 12
1916 12
1923 12
1930 12
1931 12
1935 12
1937 12
1945 12
1946 12
1949 12
1955 12
1956 12
1959 12
1962 12
1966 12
1971 12
1972 12
1974 12
1975 12
1983 12
1984 12
1986 12
1987 12
1989 12
1990 12
1992 12
1996 12
1997 12
1998 12
2000 12
2002 12
2005 12
2010 12
2015 12
2022 12
2024 12
2025 12
2026 12
2028 12
2029 12
2030 12
2033 12
2035 12
2037 12
2043 12
2051 12
2052 12
2059 12
2065 12
2069 12
2070 12
2073 12
2074 12
2075 12
2086 12
2087 12
2092 12
2095 12
2107 12
2115 12
2117 12
2119 12
2120 12
2121 12
2126 12
2130 12
2137 12
2138 12
2139 12
2143 12
2144 12
2147 12
2148 12
2161 12
2170 12
2174 12
2182 12
2184 12
2188 12
2191 12
2192 12
2198 12
2201 12
2202 12
2208 12
2211 12
2217 12
2218 12
2220 12
2223 12
2227 12
2229 12
2231 12
2235 12
2237 12
2238 12
2240 12
2241 12
2247 12
2248 12
2252 12
2259 12
2263 12
2264 12
2266 12
2271 12
2280 12
2281 12
2293 12
2294 12
2298 12
2301 12
2305 12
2318 12
2319 12
2320 12
2322 12
2325 12
2327 12
2332 12
2334 12
2335 12
2336 12
2345 12
2348 12
2349 12
2350 12
2351 12
2352 12
2354 12
2355 12
2356 12
2361 12
2362 12
2364 12
2366 12
2367 12
2368 12
2369 12
2370 12
2374 12
2375 12
2376 12
2377 12
2381 12
2387 12
2389 12
2395 12
2396 12
2399 12
2400 12
2403 12
2414 12
2415 12
2416 12
2421 12
2422 12
2425 12
2426 12
2428 12
2431 12
2433 12
2434 12
2437 12
2438 12
2439 12
2443 12
2447 12
2451 12
2453 12
2466 12
2467 12
2469 12
2470 12
2472 12
2475 12
2476 12
2482 12
2487 12
2491 12
2492 12
2493 12
2511 12
2512 12
2519 12
2520 12
2521 12
2523 12
2529 12
2530 12
2538 12
2541 12
2547 12
2550 12
2557 12
2561 12
2563 12
2568 12
2573 12
2575 12
2576 12
2577 12
2579 12
2603 12
2606 12
2609 12
2612 12
2615 12
2620 12
2630 12
2637 12
2638 12
2639 12
2646 12
2647 12
2654 12
2657 12
2662 12
2664 12
2665 12
2666 12
2669 12
2671 12
2675 12
2676 12
2679 12
2682 12
2686 12
2690 12
2695 12
2696 12
2699 12
2710 12
2711 12
2712 12
2720 12
2731 12
2732 12
2735 12
2737 12
2739 12
2741 12
2745 12
2750 12
2752 12
2753 12
2754 12
2759 12
2761 12
2762 12
2765 12
2766 12
2767 12
2768 12
2773 12
2777 12
2778 12
2784 12
2787 12
2788 12
2790 12
2792 12
2798 12
2802 12
2805 12
2807 12
2813 12
2816 12
2817 12
2819 12
2820 12
2822 12
2829 12
2834 12
2840 12
2843 12
2847 12
2848 12
2854 12
2856 12
2860 12
2863 12
2867 12
2869 12
2871 12
2877 12
2881 12
825 2
2111 2
1229 3
1683 3
2473 3
2600 3
68 4
302 4
566 4
594 4
1167 4
2584 4
2714 4
2879 4
460 5
472 5
490 5
517 5
582 5
748 5
933 5
1161 5
1251 5
1448 5
2058 5
2418 5
2480 5
2574 5
2652 5
2831 5
61 6
94 6
121 6
343 6
397 6
631 6
702 6
768 6
823 6
824 6
843 6
905 6
985 6
1154 6
1221 6
1242 6
1247 6
1304 6
1339 6
1425 6
1596 6
1675 6
1681 6
1763 6
2047 6
2134 6
2273 6
2390 6
2618 6
2658 6
2730 6
2755 6
4 7
59 7
76 7
86 7
142 7
145 7
159 7
190 7
284 7
329 7
381 7
412 7
437 7
540 7
694 7
714 7
715 7
734 7
778 7
876 7
914 7
951 7
1113 7
1118 7
1149 7
1177 7
1202 7
1220 7
1222 7
1227 7
1303 7
1452 7
1560 7
1566 7
1615 7
1693 7
1728 7
1746 7
1839 7
1843 7
1917 7
1947 7
1951 7
1981 7
2042 7
2072 7
2079 7
2098 7
2108 7
2179 7
2199 7
2221 7
2270 7
2276 7
2583 7
2604 7
2651 7
2685 7
2713 7
2748 7
2810 7
2824 7
2864 7
2874 7
35 8
127 8
161 8
164 8
214 8
218 8
264 8
289 8
295 8
309 8
325 8
346 8
350 8
351 8
353 8
380 8
507 8
511 8
521 8
548 8
606 8
617 8
686 8
687 8
698 8
704 8
710 8
711 8
772 8
777 8
785 8
795 8
816 8
857 8
865 8
880 8
886 8
896 8
902 8
929 8
946 8
976 8
979 8
1004 8
1027 8
1030 8
1031 8
1051 8
1111 8
1119 8
1120 8
1131 8
1145 8
1180 8
1213 8
1298 8
1308 8
1311 8
1322 8
1377 8
1435 8
1449 8
1493 8
1503 8
1555 8
1564 8
1573 8
1587 8
1613 8
1630 8
1635 8
1651 8
1658 8
1707 8
1737 8
1740 8
1760 8
1791 8
1866 8
1876 8
1898 8
1927 8
1940 8
1960 8
1963 8
1994 8
1999 8
2027 8
2053 8
2101 8
2114 8
2141 8
2164 8
2171 8
2206 8
2225 8
2291 8
2296 8
2330 8
2339 8
2347 8
2353 8
2383 8
2410 8
2442 8
2481 8
2483 8
2508 8
2514 8
2532 8
2560 8
2566 8
2588 8
2595 8
2619 8
2625 8
2659 8
2689 8
2698 8
2703 8
2716 8
2727 8
2733 8
2763 8
2785 8
2804 8
2830 8
2882 8
6 9
10 9
15 9
16 9
28 9
38 9
45 9
63 9
72 9
73 9
80 9
84 9
89 9
91 9
101 9
107 9
118 9
122 9
135 9
205 9
210 9
220 9
230 9
240 9
243 9
250 9
255 9
268 9
270 9
277 9
285 9
286 9
303 9
317 9
335 9
340 9
342 9
349 9
354 9
376 9
391 9
418 9
436 9
450 9
461 9
462 9
463 9
471 9
477 9
480 9
486 9
488 9
498 9
509 9
514 9
516 9
527 9
531 9
535 9
542 9
565 9
580 9
604 9
612 9
626 9
652 9
677 9
700 9
709 9
713 9
716 9
719 9
767 9
775 9
779 9
793 9
794 9
800 9
817 9
822 9
833 9
875 9
878 9
879 9
895 9
903 9
916 9
932 9
938 9
942 9
980 9
984 9
1006 9
1011 9
1024 9
1025 9
1036 9
1068 9
1073 9
1093 9
1100 9
1142 9
1156 9
1159 9
1185 9
1207 9
1234 9
1245 9
1271 9
1275 9
1279 9
1282 9
1289 9
1299 9
1320 9
1347 9
1357 9
1364 9
1365 9
1370 9
1394 9
1404 9
1427 9
1428 9
1429 9
1446 9
1454 9
1466 9
1469 9
1491 9
1505 9
1519 9
1523 9
1543 9
1544 9
1550 9
1554 9
1556 9
1562 9
1590 9
1595 9
1600 9
1602 9
1605 9
1616 9
1619 9
1620 9
1641 9
1644 9
1667 9
1687 9
1697 9
1727 9
1748 9
1777 9
1781 9
1783 9
1784 9
1794 9
1795 9
1810 9
1815 9
1857 9
1859 9
1863 9
1870 9
1872 9
1914 9
1918 9
1920 9
1922 9
1925 9
1943 9
1961 9
1968 9
1973 9
1977 9
1978 9
2001 9
2006 9
2016 9
2021 9
2036 9
2040 9
2048 9
2062 9
2093 9
2094 9
2110 9
2113 9
2127 9
2128 9
2153 9
2154 9
2158 9
2160 9
2176 9
2180 9
2195 9
2210 9
2219 9
2224 9
2232 9
2249 9
2272 9
2282 9
2283 9
2284 9
2287 9
2288 9
2300 9
2324 9
2360 9
2378 9
2402 9
2413 9
2417 9
2448 9
2461 9
2462 9
2478 9
2485 9
2498 9
2505 9
2517 9
2535 9
2543 9
2548 9
2554 9
2555 9
2572 9
2589 9
2594 9
2599 9
2608 9
2622 9
2628 9
2631 9
2642 9
2650 9
2660 9
2693 9
2694 9
2697 9
2702 9
2725 9
2728 9
2740 9
2760 9
2770 9
2794 9
2795 9
2835 9
2852 9
2853 9
2862 9
