117 1
121 1
216 1
240 1
293 1
299 1
341 1
385 1
401 1
467 1
506 1
753 1
781 1
828 1
895 1
903 1
1032 1
1069 1
1271 1
2161 1
2228 1
2283 1
2358 1
2373 1
2458 1
2801 1
65 2
209 2
237 2
388 2
464 2
484 2
525 2
611 2
650 2
691 2
714 2
901 2
927 2
985 2
1087 2
1171 2
1184 2
1248 2
1284 2
1402 2
1487 2
1507 2
1543 2
1579 2
1588 2
1745 2
1747 2
1749 2
1783 2
1900 2
1984 2
2108 2
2115 2
2174 2
2237 2
2276 2
2277 2
2393 2
2440 2
2441 2
2537 2
2565 2
2610 2
2619 2
2649 2
2694 2
2757 2
2803 2
2837 2
23 3
27 3
29 3
226 3
245 3
250 3
251 3
315 3
381 3
403 3
477 3
543 3
549 3
648 3
684 3
723 3
754 3
768 3
770 3
773 3
867 3
874 3
884 3
906 3
911 3
954 3
1019 3
1080 3
1126 3
1217 3
1243 3
1246 3
1252 3
1293 3
1345 3
1355 3
1395 3
1396 3
1441 3
1471 3
1517 3
1554 3
1564 3
1578 3
1635 3
1686 3
1718 3
1775 3
1862 3
1933 3
1947 3
1970 3
1982 3
2010 3
2014 3
2017 3
2029 3
2043 3
2048 3
2055 3
2080 3
2093 3
2117 3
2132 3
2140 3
2171 3
2186 3
2205 3
2217 3
2236 3
2256 3
2271 3
2304 3
2311 3
2369 3
2372 3
2397 3
2484 3
2488 3
2514 3
2560 3
2570 3
2598 3
2611 3
2662 3
2740 3
2770 3
2799 3
2807 3
2820 3
2861 3
2866 3
1 4
41 4
59 4
64 4
75 4
85 4
105 4
114 4
141 4
149 4
171 4
256 4
269 4
285 4
306 4
323 4
326 4
376 4
382 4
392 4
417 4
421 4
493 4
498 4
501 4
516 4
517 4
522 4
529 4
551 4
556 4
558 4
561 4
577 4
598 4
627 4
638 4
642 4
657 4
659 4
677 4
679 4
687 4
711 4
727 4
804 4
808 4
837 4
857 4
865 4
888 4
910 4
951 4
966 4
975 4
981 4
1046 4
1071 4
1090 4
1092 4
1095 4
1101 4
1112 4
1137 4
1147 4
1158 4
1170 4
1204 4
1220 4
1228 4
1236 4
1253 4
1259 4
1278 4
1286 4
1309 4
1348 4
1353 4
1367 4
1424 4
1429 4
1472 4
1523 4
1527 4
1539 4
1577 4
1582 4
1603 4
1619 4
1621 4
1632 4
1651 4
1717 4
1720 4
1728 4
1746 4
1751 4
1778 4
1787 4
1803 4
1807 4
1816 4
1820 4
1834 4
1838 4
1868 4
1879 4
1880 4
1901 4
1902 4
1909 4
1911 4
1934 4
1946 4
1956 4
1980 4
1991 4
2026 4
2074 4
2097 4
2113 4
2165 4
2166 4
2168 4
2191 4
2213 4
2248 4
2272 4
2291 4
2292 4
2295 4
2316 4
2320 4
2333 4
2334 4
2339 4
2370 4
2377 4
2413 4
2426 4
2448 4
2457 4
2461 4
2482 4
2485 4
2495 4
2513 4
2517 4
2552 4
2591 4
2592 4
2608 4
2616 4
2646 4
2659 4
2671 4
2702 4
2707 4
2709 4
2727 4
2753 4
2762 4
2811 4
2815 4
2827 4
2839 4
2845 4
2846 4
0 5
4 5
5 5
8 5
12 5
20 5
22 5
31 5
40 5
51 5
54 5
57 5
60 5
63 5
68 5
69 5
72 5
95 5
96 5
110 5
142 5
155 5
177 5
178 5
180 5
185 5
198 5
199 5
219 5
224 5
244 5
248 5
257 5
258 5
274 5
275 5
276 5
286 5
297 5
305 5
308 5
313 5
314 5
318 5
338 5
355 5
378 5
386 5
390 5
400 5
404 5
412 5
420 5
427 5
442 5
449 5
451 5
457 5
471 5
480 5
499 5
500 5
527 5
531 5
533 5
534 5
537 5
541 5
552 5
553 5
557 5
559 5
563 5
565 5
572 5
578 5
585 5
593 5
599 5
612 5
615 5
623 5
643 5
653 5
673 5
680 5
681 5
706 5
708 5
720 5
722 5
725 5
739 5
746 5
758 5
767 5
777 5
788 5
819 5
826 5
832 5
847 5
848 5
862 5
893 5
905 5
914 5
923 5
926 5
932 5
935 5
946 5
989 5
999 5
1014 5
1020 5
1025 5
1030 5
1036 5
1062 5
1070 5
1077 5
1078 5
1097 5
1099 5
1108 5
1109 5
1118 5
1121 5
1127 5
1128 5
1145 5
1159 5
1163 5
1166 5
1175 5
1181 5
1186 5
1191 5
1195 5
1199 5
1205 5
1208 5
1213 5
1219 5
1223 5
1239 5
1250 5
1251 5
1260 5
1262 5
1263 5
1265 5
1292 5
1295 5
1302 5
1305 5
1311 5
1315 5
1318 5
1319 5
1332 5
1389 5
1403 5
1404 5
1406 5
1415 5
1418 5
1419 5
1421 5
1430 5
1440 5
1444 5
1447 5
1452 5
1457 5
1461 5
1463 5
1473 5
1477 5
1485 5
1501 5
1512 5
1518 5
1532 5
1537 5
1545 5
1546 5
1558 5
1561 5
1562 5
1567 5
1585 5
1613 5
1639 5
1640 5
1680 5
1681 5
1687 5
1691 5
1723 5
1731 5
1733 5
1737 5
1741 5
1742 5
1758 5
1765 5
1781 5
1782 5
1795 5
1800 5
1802 5
1830 5
1832 5
1840 5
1847 5
1849 5
1864 5
1869 5
1887 5
1921 5
1925 5
1926 5
1935 5
1936 5
1937 5
1940 5
1941 5
1948 5
1951 5
1958 5
2005 5
2018 5
2034 5
2045 5
2047 5
2054 5
2061 5
2062 5
2067 5
2071 5
2083 5
2084 5
2090 5
2091 5
2096 5
2105 5
2116 5
2123 5
2131 5
2154 5
2172 5
2177 5
2182 5
2194 5
2197 5
2204 5
2211 5
2212 5
2226 5
2249 5
2255 5
2257 5
2266 5
2267 5
2282 5
2284 5
2300 5
2308 5
2318 5
2325 5
2344 5
2363 5
2371 5
2376 5
2384 5
2403 5
2427 5
2432 5
2450 5
2451 5
2466 5
2468 5
2473 5
2474 5
2481 5
2489 5
2494 5
2506 5
2508 5
2515 5
2516 5
2554 5
2559 5
2561 5
2568 5
2572 5
2576 5
2582 5
2585 5
2613 5
2629 5
2632 5
2651 5
2661 5
2663 5
2673 5
2685 5
2703 5
2704 5
2706 5
2711 5
2720 5
2729 5
2731 5
2733 5
2768 5
2789 5
2791 5
2794 5
2810 5
2814 5
2818 5
2822 5
2856 5
2877 5
7 6
10 6
16 6
18 6
34 6
35 6
44 6
45 6
62 6
73 6
77 6
79 6
86 6
102 6
107 6
112 6
116 6
119 6
120 6
123 6
126 6
140 6
156 6
165 6
166 6
179 6
189 6
190 6
194 6
197 6
203 6
206 6
207 6
210 6
213 6
223 6
230 6
235 6
238 6
239 6
242 6
247 6
254 6
255 6
265 6
267 6
268 6
271 6
278 6
282 6
287 6
292 6
294 6
302 6
321 6
327 6
329 6
345 6
346 6
348 6
350 6
351 6
356 6
359 6
361 6
363 6
366 6
375 6
384 6
389 6
395 6
396 6
409 6
418 6
422 6
423 6
434 6
445 6
448 6
450 6
455 6
458 6
460 6
462 6
470 6
483 6
485 6
489 6
494 6
514 6
521 6
526 6
535 6
539 6
540 6
544 6
554 6
567 6
571 6
575 6
576 6
579 6
589 6
595 6
600 6
601 6
602 6
604 6
608 6
622 6
624 6
633 6
639 6
640 6
654 6
658 6
660 6
662 6
664 6
666 6
667 6
671 6
676 6
683 6
695 6
698 6
700 6
703 6
704 6
705 6
712 6
713 6
718 6
726 6
728 6
732 6
733 6
734 6
736 6
738 6
742 6
747 6
751 6
756 6
759 6
760 6
763 6
787 6
793 6
800 6
802 6
805 6
813 6
814 6
824 6
841 6
846 6
854 6
866 6
879 6
880 6
886 6
887 6
896 6
897 6
902 6
909 6
915 6
916 6
920 6
934 6
939 6
943 6
945 6
947 6
948 6
955 6
956 6
958 6
959 6
961 6
963 6
971 6
973 6
988 6
990 6
992 6
997 6
1004 6
1027 6
1031 6
1038 6
1061 6
1063 6
1074 6
1076 6
1079 6
1081 6
1089 6
1091 6
1105 6
1129 6
1149 6
1151 6
1160 6
1162 6
1173 6
1179 6
1183 6
1189 6
1194 6
1196 6
1198 6
1201 6
1202 6
1206 6
1209 6
1214 6
1215 6
1227 6
1230 6
1232 6
1233 6
1255 6
1264 6
1266 6
1267 6
1268 6
1275 6
1276 6
1280 6
1281 6
1282 6
1283 6
1285 6
1289 6
1294 6
1304 6
1306 6
1307 6
1310 6
1313 6
1316 6
1325 6
1326 6
1327 6
1328 6
1330 6
1334 6
1336 6
1344 6
1354 6
1358 6
1368 6
1369 6
1371 6
1375 6
1378 6
1401 6
1409 6
1410 6
1411 6
1414 6
1422 6
1427 6
1442 6
1446 6
1453 6
1456 6
1459 6
1462 6
1467 6
1470 6
1479 6
1483 6
1486 6
1488 6
1494 6
1499 6
1511 6
1519 6
1529 6
1530 6
1533 6
1534 6
1536 6
1538 6
1540 6
1549 6
1552 6
1553 6
1556 6
1568 6
1576 6
1581 6
1583 6
1586 6
1589 6
1596 6
1599 6
1605 6
1606 6
1608 6
1610 6
1612 6
1623 6
1626 6
1630 6
1631 6
1634 6
1641 6
1645 6
1658 6
1659 6
1660 6
1661 6
1671 6
1672 6
1673 6
1675 6
1676 6
1679 6
1682 6
1690 6
1693 6
1701 6
1702 6
1714 6
1725 6
1736 6
1738 6
1744 6
1750 6
1756 6
1762 6
1769 6
1771 6
1772 6
1788 6
1806 6
1810 6
1822 6
1829 6
1841 6
1843 6
1848 6
1850 6
1852 6
1857 6
1867 6
1870 6
1872 6
1873 6
1874 6
1875 6
1876 6
1881 6
1882 6
1886 6
1889 6
1891 6
1895 6
1896 6
1903 6
1906 6
1912 6
1938 6
1952 6
1953 6
1962 6
1963 6
1964 6
1965 6
1966 6
1969 6
1975 6
1976 6
1981 6
1988 6
1994 6
1996 6
2001 6
2007 6
2008 6
2009 6
2028 6
2032 6
2035 6
2039 6
2044 6
2049 6
2056 6
2059 6
2060 6
2066 6
2068 6
2073 6
2079 6
2086 6
2100 6
2103 6
2104 6
2107 6
2109 6
2125 6
2126 6
2128 6
2134 6
2135 6
2138 6
2141 6
2142 6
2143 6
2144 6
2145 6
2151 6
2152 6
2156 6
2157 6
2158 6
2164 6
2167 6
2173 6
2179 6
2183 6
2185 6
2188 6
2192 6
2193 6
2200 6
2201 6
2210 6
2215 6
2219 6
2221 6
2227 6
2231 6
2233 6
2238 6
2254 6
2258 6
2261 6
2265 6
2268 6
2270 6
2273 6
2281 6
2285 6
2290 6
2303 6
2310 6
2319 6
2329 6
2331 6
2332 6
2336 6
2337 6
2348 6
2350 6
2355 6
2357 6
2361 6
2364 6
2366 6
2379 6
2383 6
2385 6
2388 6
2392 6
2395 6
2402 6
2408 6
2416 6
2420 6
2421 6
2425 6
2430 6
2433 6
2436 6
2438 6
2444 6
2446 6
2447 6
2453 6
2459 6
2460 6
2475 6
2479 6
2496 6
2502 6
2503 6
2504 6
2507 6
2509 6
2518 6
2523 6
2532 6
2534 6
2544 6
2547 6
2548 6
2550 6
2551 6
2557 6
2567 6
2569 6
2577 6
2579 6
2593 6
2596 6
2602 6
2604 6
2627 6
2635 6
2639 6
2641 6
2658 6
2675 6
2677 6
2680 6
2682 6
2684 6
2687 6
2690 6
2693 6
2696 6
2708 6
2712 6
2713 6
2715 6
2717 6
2718 6
2719 6
2722 6
2724 6
2726 6
2745 6
2747 6
2748 6
2749 6
2752 6
2754 6
2756 6
2758 6
2761 6
2763 6
2765 6
2772 6
2778 6
2780 6
2785 6
2787 6
2795 6
2797 6
2802 6
2808 6
2819 6
2821 6
2826 6
2828 6
2829 6
2830 6
2831 6
2832 6
2834 6
2836 6
2843 6
2844 6
2847 6
2848 6
2849 6
2851 6
2855 6
2857 6
2859 6
2862 6
2871 6
2872 6
2874 6
2876 6
2881 6
2882 6
2 7
3 7
9 7
14 7
15 7
19 7
25 7
26 7
28 7
36 7
37 7
42 7
43 7
48 7
49 7
50 7
55 7
66 7
70 7
71 7
74 7
76 7
80 7
81 7
82 7
84 7
87 7
89 7
91 7
93 7
94 7
97 7
98 7
99 7
100 7
101 7
103 7
104 7
109 7
111 7
113 7
122 7
125 7
127 7
129 7
130 7
131 7
134 7
135 7
137 7
138 7
139 7
143 7
144 7
145 7
147 7
148 7
150 7
151 7
153 7
157 7
158 7
159 7
160 7
161 7
164 7
167 7
168 7
169 7
170 7
173 7
175 7
176 7
181 7
182 7
183 7
184 7
186 7
187 7
188 7
195 7
196 7
200 7
202 7
208 7
211 7
212 7
215 7
220 7
221 7
222 7
228 7
229 7
233 7
236 7
241 7
253 7
260 7
261 7
262 7
263 7
264 7
266 7
273 7
277 7
279 7
281 7
283 7
288 7
290 7
295 7
298 7
300 7
301 7
309 7
312 7
322 7
324 7
325 7
328 7
330 7
333 7
334 7
335 7
336 7
339 7
342 7
343 7
344 7
347 7
353 7
354 7
357 7
358 7
365 7
367 7
370 7
372 7
374 7
393 7
397 7
398 7
402 7
405 7
406 7
407 7
408 7
424 7
426 7
428 7
430 7
433 7
435 7
437 7
443 7
447 7
453 7
461 7
463 7
465 7
468 7
472 7
474 7
475 7
479 7
482 7
487 7
488 7
490 7
491 7
492 7
496 7
497 7
503 7
510 7
511 7
512 7
513 7
518 7
523 7
532 7
542 7
550 7
560 7
562 7
564 7
568 7
569 7
574 7
580 7
581 7
582 7
583 7
586 7
588 7
591 7
592 7
594 7
597 7
606 7
607 7
609 7
614 7
616 7
618 7
619 7
620 7
621 7
626 7
628 7
630 7
631 7
632 7
634 7
647 7
655 7
656 7
663 7
665 7
672 7
674 7
675 7
678 7
682 7
689 7
692 7
693 7
701 7
719 7
721 7
724 7
730 7
731 7
737 7
740 7
741 7
743 7
749 7
750 7
752 7
761 7
762 7
765 7
766 7
771 7
772 7
775 7
776 7
778 7
780 7
783 7
784 7
785 7
789 7
791 7
792 7
795 7
796 7
797 7
798 7
799 7
801 7
806 7
809 7
811 7
812 7
815 7
816 7
818 7
825 7
829 7
834 7
835 7
836 7
838 7
839 7
840 7
842 7
843 7
844 7
849 7
851 7
858 7
860 7
863 7
864 7
868 7
869 7
870 7
872 7
873 7
876 7
878 7
889 7
890 7
892 7
894 7
898 7
900 7
907 7
912 7
913 7
917 7
921 7
922 7
925 7
928 7
929 7
933 7
936 7
941 7
942 7
949 7
950 7
953 7
962 7
965 7
970 7
972 7
974 7
977 7
978 7
979 7
982 7
983 7
984 7
986 7
993 7
998 7
1000 7
1001 7
1003 7
1006 7
1008 7
1009 7
1011 7
1015 7
1016 7
1017 7
1018 7
1021 7
1022 7
1023 7
1026 7
1028 7
1039 7
1041 7
1042 7
1043 7
1045 7
1047 7
1048 7
1049 7
1052 7
1056 7
1058 7
1059 7
1060 7
1064 7
1065 7
1066 7
1068 7
1072 7
1082 7
1085 7
1086 7
1093 7
1094 7
1096 7
1100 7
1106 7
1110 7
1114 7
1116 7
1117 7
1119 7
1122 7
1123 7
1130 7
1132 7
1133 7
1134 7
1135 7
1138 7
1140 7
1146 7
1148 7
1153 7
1155 7
1156 7
1157 7
1161 7
1169 7
1174 7
1177 7
1178 7
1188 7
1192 7
1200 7
1203 7
1210 7
1221 7
1224 7
1226 7
1234 7
1235 7
1238 7
1240 7
1241 7
1244 7
1245 7
1254 7
1257 7
1258 7
1261 7
1270 7
1274 7
1277 7
1279 7
1287 7
1288 7
1291 7
1296 7
1298 7
1299 7
1301 7
1303 7
1317 7
1322 7
1323 7
1329 7
1331 7
1335 7
1338 7
1339 7
1341 7
1342 7
1346 7
1347 7
1349 7
1352 7
1356 7
1357 7
1362 7
1365 7
1370 7
1372 7
1374 7
1376 7
1381 7
1384 7
1385 7
1390 7
1391 7
1392 7
1393 7
1397 7
1398 7
1416 7
1420 7
1425 7
1433 7
1435 7
1436 7
1437 7
1445 7
1449 7
1450 7
1451 7
1454 7
1458 7
1464 7
1465 7
1468 7
1474 7
1476 7
1481 7
1482 7
1489 7
1490 7
1492 7
1495 7
1496 7
1497 7
1498 7
1500 7
1503 7
1504 7
1505 7
1508 7
1521 7
1522 7
1524 7
1525 7
1528 7
1531 7
1541 7
1542 7
1544 7
1548 7
1550 7
1551 7
1555 7
1557 7
1560 7
1563 7
1572 7
1574 7
1580 7
1584 7
1587 7
1590 7
1595 7
1597 7
1598 7
1600 7
1602 7
1607 7
1609 7
1611 7
1617 7
1618 7
1625 7
1627 7
1628 7
1629 7
1633 7
1636 7
1637 7
1643 7
1646 7
1649 7
1650 7
1653 7
1655 7
1663 7
1665 7
1666 7
1668 7
1669 7
1674 7
1678 7
1684 7
1685 7
1688 7
1689 7
1694 7
1695 7
1696 7
1697 7
1698 7
1700 7
1703 7
1709 7
1710 7
1711 7
1713 7
1715 7
1721 7
1724 7
1734 7
1739 7
1740 7
1748 7
1752 7
1753 7
1754 7
1757 7
1766 7
1767 7
1770 7
1774 7
1777 7
1780 7
1784 7
1789 7
1790 7
1793 7
1798 7
1799 7
1801 7
1804 7
1805 7
1811 7
1812 7
1813 7
1818 7
1819 7
1821 7
1824 7
1826 7
1828 7
1837 7
1844 7
1846 7
1855 7
1856 7
1859 7
1860 7
1861 7
1863 7
1866 7
1871 7
1877 7
1878 7
1883 7
1884 7
1885 7
1888 7
1890 7
1892 7
1893 7
1894 7
1897 7
1905 7
1908 7
1913 7
1917 7
1918 7
1919 7
1928 7
1929 7
1930 7
1932 7
1939 7
1942 7
1944 7
1945 7
1954 7
1955 7
1959 7
1961 7
1967 7
1977 7
1979 7
1983 7
1985 7
1987 7
1990 7
1993 7
1995 7
1997 7
1999 7
2002 7
2003 7
2006 7
2012 7
2015 7
2019 7
2020 7
2022 7
2025 7
2030 7
2033 7
2036 7
2037 7
2038 7
2051 7
2052 7
2058 7
2064 7
2065 7
2069 7
2070 7
2075 7
2081 7
2082 7
2087 7
2088 7
2089 7
2094 7
2095 7
2098 7
2099 7
2102 7
2106 7
2110 7
2111 7
2112 7
2114 7
2122 7
2124 7
2127 7
2129 7
2130 7
2133 7
2137 7
2139 7
2147 7
2155 7
2159 7
2170 7
2178 7
2184 7
2189 7
2202 7
2203 7
2207 7
2209 7
2214 7
2220 7
2222 7
2224 7
2225 7
2229 7
2234 7
2235 7
2240 7
2241 7
2242 7
2244 7
2245 7
2246 7
2250 7
2252 7
2253 7
2260 7
2262 7
2263 7
2269 7
2274 7
2275 7
2278 7
2279 7
2280 7
2286 7
2287 7
2289 7
2293 7
2296 7
2297 7
2298 7
2299 7
2305 7
2307 7
2309 7
2313 7
2314 7
2315 7
2317 7
2322 7
2323 7
2326 7
2327 7
2338 7
2340 7
2345 7
2347 7
2351 7
2352 7
2354 7
2359 7
2365 7
2367 7
2368 7
2375 7
2378 7
2380 7
2381 7
2382 7
2386 7
2390 7
2391 7
2394 7
2396 7
2398 7
2400 7
2405 7
2409 7
2410 7
2412 7
2415 7
2423 7
2424 7
2431 7
2434 7
2435 7
2437 7
2439 7
2443 7
2452 7
2454 7
2462 7
2463 7
2464 7
2470 7
2472 7
2476 7
2477 7
2478 7
2480 7
2487 7
2490 7
2491 7
2493 7
2498 7
2500 7
2505 7
2510 7
2511 7
2512 7
2522 7
2525 7
2527 7
2531 7
2533 7
2539 7
2540 7
2541 7
2545 7
2553 7
2571 7
2573 7
2578 7
2581 7
2583 7
2584 7
2586 7
2588 7
2590 7
2594 7
2595 7
2599 7
2601 7
2603 7
2605 7
2607 7
2609 7
2612 7
2617 7
2620 7
2622 7
2625 7
2626 7
2628 7
2630 7
2633 7
2636 7
2637 7
2638 7
2640 7
2643 7
2645 7
2647 7
2650 7
2654 7
2655 7
2660 7
2666 7
2667 7
2669 7
2672 7
2676 7
2679 7
2681 7
2683 7
2688 7
2689 7
2695 7
2697 7
2698 7
2700 7
2701 7
2714 7
2725 7
2728 7
2730 7
2732 7
2734 7
2735 7
2736 7
2737 7
2743 7
2750 7
2751 7
2755 7
2769 7
2775 7
2776 7
2777 7
2779 7
2781 7
2782 7
2786 7
2788 7
2792 7
2793 7
2798 7
2800 7
2804 7
2809 7
2812 7
2813 7
2816 7
2817 7
2823 7
2824 7
2825 7
2835 7
2838 7
2840 7
2850 7
2853 7
2860 7
2865 7
2869 7
2873 7
2875 7
2878 7
2879 7
2880 7
6 8
11 8
13 8
17 8
21 8
24 8
30 8
32 8
33 8
38 8
46 8
47 8
52 8
53 8
56 8
58 8
67 8
78 8
83 8
88 8
90 8
92 8
106 8
108 8
115 8
118 8
124 8
128 8
132 8
133 8
136 8
146 8
152 8
154 8
162 8
163 8
174 8
191 8
192 8
193 8
201 8
205 8
214 8
218 8
225 8
227 8
231 8
232 8
234 8
243 8
246 8
249 8
252 8
259 8
270 8
280 8
284 8
291 8
296 8
303 8
304 8
307 8
311 8
316 8
317 8
319 8
320 8
331 8
332 8
337 8
340 8
352 8
360 8
362 8
364 8
368 8
369 8
371 8
373 8
379 8
380 8
383 8
391 8
394 8
399 8
410 8
411 8
413 8
414 8
415 8
416 8
419 8
429 8
431 8
436 8
438 8
439 8
440 8
444 8
446 8
456 8
459 8
466 8
469 8
473 8
476 8
478 8
481 8
486 8
495 8
504 8
505 8
507 8
508 8
509 8
515 8
519 8
520 8
524 8
528 8
530 8
536 8
538 8
545 8
546 8
547 8
548 8
555 8
566 8
570 8
573 8
584 8
587 8
590 8
596 8
603 8
610 8
613 8
617 8
625 8
629 8
635 8
636 8
641 8
644 8
645 8
646 8
649 8
652 8
661 8
668 8
669 8
670 8
685 8
686 8
688 8
690 8
694 8
696 8
697 8
699 8
702 8
707 8
709 8
710 8
716 8
717 8
729 8
735 8
744 8
745 8
748 8
755 8
757 8
764 8
769 8
774 8
779 8
782 8
786 8
790 8
794 8
803 8
807 8
810 8
817 8
820 8
821 8
822 8
823 8
827 8
830 8
831 8
833 8
853 8
855 8
856 8
859 8
861 8
871 8
875 8
877 8
881 8
882 8
883 8
885 8
891 8
899 8
904 8
908 8
918 8
919 8
924 8
930 8
931 8
937 8
938 8
940 8
944 8
952 8
957 8
960 8
964 8
967 8
968 8
976 8
987 8
991 8
994 8
995 8
996 8
1002 8
1005 8
1007 8
1010 8
1012 8
1013 8
1024 8
1029 8
1033 8
1034 8
1035 8
1037 8
1040 8
1044 8
1050 8
1051 8
1053 8
1054 8
1055 8
1067 8
1073 8
1075 8
1084 8
1088 8
1102 8
1103 8
1104 8
1111 8
1113 8
1115 8
1120 8
1124 8
1125 8
1131 8
1136 8
1139 8
1141 8
1142 8
1143 8
1144 8
1150 8
1152 8
1154 8
1164 8
1165 8
1167 8
1168 8
1172 8
1176 8
1182 8
1185 8
1187 8
1190 8
1193 8
1197 8
1207 8
1211 8
1212 8
1218 8
1222 8
1225 8
1229 8
1231 8
1237 8
1242 8
1247 8
1249 8
1256 8
1269 8
1272 8
1273 8
1297 8
1300 8
1308 8
1312 8
1314 8
1320 8
1321 8
1324 8
1333 8
1337 8
1340 8
1343 8
1350 8
1351 8
1359 8
1360 8
1363 8
1364 8
1366 8
1373 8
1377 8
1379 8
1380 8
1382 8
1383 8
1386 8
1388 8
1394 8
1399 8
1400 8
1405 8
1407 8
1408 8
1412 8
1413 8
1423 8
1426 8
1428 8
1431 8
1432 8
1434 8
1438 8
1439 8
1443 8
1455 8
1460 8
1466 8
1469 8
1475 8
1478 8
1480 8
1484 8
1491 8
1493 8
1502 8
1506 8
1509 8
1510 8
1513 8
1514 8
1515 8
1516 8
1520 8
1526 8
1535 8
1547 8
1559 8
1565 8
1566 8
1569 8
1570 8
1571 8
1573 8
1575 8
1591 8
1592 8
1593 8
1594 8
1601 8
1604 8
1614 8
1615 8
1616 8
1620 8
1622 8
1624 8
1638 8
1642 8
1644 8
1647 8
1648 8
1652 8
1657 8
1662 8
1664 8
1667 8
1670 8
1677 8
1683 8
1692 8
1699 8
1705 8
1706 8
1707 8
1712 8
1716 8
1719 8
1722 8
1726 8
1727 8
1730 8
1735 8
1743 8
1755 8
1759 8
1760 8
1761 8
1763 8
1764 8
1768 8
1773 8
1779 8
1785 8
1786 8
1791 8
1796 8
1808 8
1809 8
1814 8
1815 8
1823 8
1825 8
1827 8
1831 8
1833 8
1835 8
1836 8
1839 8
1842 8
1845 8
1851 8
1853 8
1854 8
1858 8
1865 8
1899 8
1907 8
1910 8
1914 8
1915 8
1916 8
1920 8
1922 8
1923 8
1927 8
1931 8
1943 8
1949 8
1950 8
1957 8
1960 8
1968 8
1973 8
1974 8
1978 8
1986 8
1989 8
1992 8
1998 8
2000 8
2004 8
2013 8
2016 8
2023 8
2024 8
2027 8
2031 8
2040 8
2041 8
2042 8
2046 8
2050 8
2053 8
2057 8
2063 8
2076 8
2077 8
2085 8
2092 8
2101 8
2120 8
2121 8
2136 8
2146 8
2148 8
2153 8
2160 8
2162 8
2163 8
2169 8
2175 8
2176 8
2180 8
2181 8
2187 8
2190 8
2195 8
2196 8
2198 8
2199 8
2206 8
2208 8
2223 8
2230 8
2232 8
2239 8
2243 8
2247 8
2251 8
2259 8
2264 8
2294 8
2301 8
2306 8
2312 8
2321 8
2324 8
2328 8
2330 8
2335 8
2342 8
2343 8
2346 8
2349 8
2353 8
2356 8
2360 8
2362 8
2374 8
2387 8
2389 8
2399 8
2404 8
2406 8
2407 8
2411 8
2414 8
2417 8
2418 8
2419 8
2422 8
2428 8
2429 8
2442 8
2445 8
2449 8
2455 8
2465 8
2467 8
2469 8
2483 8
2486 8
2492 8
2497 8
2501 8
2520 8
2521 8
2524 8
2526 8
2528 8
2529 8
2530 8
2535 8
2536 8
2542 8
2543 8
2546 8
2555 8
2556 8
2558 8
2562 8
2563 8
2564 8
2566 8
2574 8
2575 8
2580 8
2587 8
2589 8
2597 8
2600 8
2606 8
2614 8
2615 8
2618 8
2621 8
2623 8
2624 8
2631 8
2634 8
2642 8
2644 8
2648 8
2652 8
2653 8
2656 8
2657 8
2664 8
2665 8
2668 8
2670 8
2674 8
2678 8
2686 8
2691 8
2692 8
2699 8
2705 8
2710 8
2716 8
2721 8
2723 8
2738 8
2739 8
2741 8
2742 8
2744 8
2746 8
2759 8
2760 8
2764 8
2766 8
2767 8
2771 8
2773 8
2774 8
2783 8
2784 8
2790 8
2805 8
2806 8
2833 8
2841 8
2852 8
2854 8
2858 8
2863 8
2864 8
2867 8
2868 8
2870 8
39 9
61 9
172 9
204 9
217 9
272 9
289 9
310 9
349 9
377 9
387 9
425 9
432 9
441 9
452 9
454 9
502 9
605 9
637 9
651 9
715 9
845 9
850 9
852 9
969 9
980 9
1057 9
1083 9
1098 9
1107 9
1180 9
1216 9
1290 9
1361 9
1387 9
1417 9
1448 9
1654 9
1656 9
1704 9
1708 9
1729 9
1732 9
1776 9
1792 9
1794 9
1797 9
1817 9
1898 9
1904 9
1924 9
1971 9
1972 9
2011 9
2021 9
2072 9
2078 9
2118 9
2119 9
2149 9
2150 9
2216 9
2218 9
2288 9
2302 9
2341 9
2401 9
2456 9
2471 9
2499 9
2519 9
2538 9
2549 9
2796 9
2842 9
